46
46
45
45
45
45
44
45
45
45
45
45
45
45
44
45
45
45
45
45
44
45
44
44
44
45
45
45
44
45
45
45
44
45
45
45
44
45
44
44
44
44
44
44
44
44
44
45
44
44
45
45
44
44
45
45
45
45
45
45
44
44
44
45
44
44
45
45
45
44
44
45
44
45
44
45
45
45
44
45
44
43
43
45
47
46
49
47
49
45
44
44
45
43
49
50
45
47
51
69
83
72
51
104
55
70
90
105
80
77
61
61
62
61
61
79
73
67
94
68
90
80
74
44
50
72
96
60
66
71
54
66
49
45
47
46
43
43
43
43
43
44
43
43
43
44
42
41
41
41
42
42
42
42
43
43
43
42
43
43
41
43
42
41
41
43
42
40
41
42
41
43
43
43
43
44
43
43
42
43
42
42
41
42
42
42
41
42
41
39
40
40
41
41
41
41
42
42
42
42
42
41
42
41
43
43
42
41
43
43
43
43
43
43
42
42
42
42
42
42
43
42
41
42
42
42
42
41
40
41
41
41
41
41
41
41
40
41
41
41
39
41
41
40
40
40
41
40
40
40
40
41
41
41
41
42
41
40
40
41
40
40
42
41
41
40
40
40
41
41
40
41
41
40
40
41
41
40
40
41
41
41
40
41
41
42
41
41
41
41
40
41
41
40
40
40
41
40
41
40
40
41
39
40
39
41
41
40
40
40
40
40
41
42
41
41
41
42
41
41
41
41
41
41
41
42
41
41
41
41
42
41
41
41
41
41
41
41
42
41
41
41
41
41
41
41
42
42
41
41
42
42
42
41
42
42
41
41
42
42
42
41
42
42
41
41
42
42
41
41
41
42
41
41
41
41
41
41
41
41
41
41
41
41
41
41
41
41
41
41
41
41
41
41
41
41
41
41
41
41
41
41
41
41
41
41
41
41
41
41
41
40
41
41
41
41
41
41
41
40
40
40
40
41
41
42
41
41
40
41
41
41
40
40
40
40
40
41
41
41
40
41
41
41
40
41
41
41
41
41
41
41
41
41
41
42
42
42
44
45
45
47
49
50
52
54
54
56
56
57
58
59
61
62
62
63
64
66
66
69
69
70
72
73
74
76
78
79
80
81
82
85
87
88
90
94
95
97
99
100
102
103
104
107
110
111
113
115
118
119
121
122
123
123
127
127
127
131
133
135
138
140
141
142
146
147
147
146
144
152
155
156
156
152
151
156
153
154
155
156
161
165
165
164
162
166
167
169
173
176
177
176
175
171
172
178
179
180
178
175
176
177
183
189
189
190
188
191
192
192
193
194
194
195
197
196
199
197
199
199
203
204
204
206
207
208
209
209
210
209
210
211
212
213
214
214
216
216
217
217
219
220
221
221
221
221
223
225
227
228
229
229
230
230
230
229
228
229
229
229
231
231
239
239
240
240
240
240
241
241
241
241
241
244
247
248
246
247
249
247
252
253
255
256
256
249
252
253
252
252
254
255
256
263
263
262
261
261
261
262
269
267
264
260
262
267
265
275
264
265
266
271
267
265
268
275
276
277
278
280
285
287
288
290
291
292
294
295
296
293
292
294
296
297
299
300
301
303
303
308
306
308
316
307
312
319
319
310
313
313
311
312
315
317
322
324
325
321
334
323
325
331
337
331
329
333
339
340
342
344
345
345
345
346
346
347
348
349
349
349
352
355
351
347
347
347
345
346
348
372
374
375
374
374
373
375
371
365
357
364
365
373
370
381
381
378
381
378
378
382
383
382
380
381
385
386
392
394
394
395
395
396
399
394
388
395
395
396
395
395
397
398
400
402
404
406
408
410
411
410
414
417
421
423
416
422
425
428
432
432
434
434
429
431
433
435
435
435
436
437
437
437
442
447
448
449
450
451
452
454
456
456
457
456
458
460
460
463
465
467
468
470
468
469
482
486
487
485
486
490
484
470
476
474
477
480
483
491
489
488
494
496
499
502
502
503
504
506
508
510
513
517
516
521
523
521
525
538
540
538
524
537
541
537
547
547
550
550
549
553
552
552
553
554
556
557
559
559
559
555
554
556
558
560
561
563
566
566
567
568
573
574
585
564
586
585
576
574
578
582
583
587
582
589
590
578
584
578
579
577
580
592
593
584
580
595
596
603
605
607
611
609
612
616
619
620
624
627
631
632
634
637
638
636
641
641
632
634
633
641
638
634
636
628
628
617
619
622
623
624
638
638
638
647
641
651
652
636
640
656
655
667
668
669
672
675
676
678
681
681
683
685
685
687
687
688
691
693
694
697
698
698
700
700
703
702
711
707
703
695
708
709
711
712
717
719
718
735
738
739
751
750
752
752
749
727
724
745
747
742
750
762
747
743
750
751
779
775
757
754
769
758
771
771
773
774
779
803
810
782
795
788
792
801
799
801
813
817
834
842
846
849
850
856
861
862
862
866
869
871
872
874
877
879
882
884
887
889
890
892
895
897
898
900
903
904
906
908
910
913
916
917
918
919
921
923
926
928
930
932
936
938
941
943
944
946
949
952
954
955
959
961
964
968
970
974
975
978
982
986
987
990
992
995
997
996
997
997
996
997
996
996
997
996
995
995
992
986
984
986
973
977
960
956
926
964
960
981
977
965
912
966
976
970
983
985
977
970
961
942
924
931
956
932
938
932
964
984
982
970
942
936
934
952
958
986
977
956
964
948
944
945
946
946
947
947
947
947
948
947
950
951
980
983
991
960
952
970
944
942
948
940
940
938
932
970
965
940
943
953
955
948
944
942
941
952
945
923
978
971
937
940
968
916
922
925
929
930
932
923
933
975
981
940
915
941
922
935
937
936
923
917
924
927
928
900
898
894
916
918
915
913
913
918
938
954
948
931
922
926
926
925
927
930
931
929
914
910
914
916
915
916
918
918
940
959
964
967
966
967
967
968
969
971
974
976
978
978
978
981
982
982
982
982
980
978
973
962
946
909
920
924
919
912
951
944
929
941
922
951
955
953
953
937
931
928
954
961
956
945
918
920
922
922
918
920
915
915
915
911
911
924
925
925
926
928
925
922
921
917
914
912
909
908
919
927
916
913
911
907
902
895
909
906
918
913
905
885
880
884
895
886
896
901
894
881
860
860
878
878
874
872
871
870
867
865
863
861
858
857
859
859
856
855
852
846
845
841
846
846
846
845
845
846
843
842
840
840
838
837
839
843
840
839
837
836
841
840
839
837
836
835
833
831
827
823
821
822
822
818
817
816
816
815
813
813
811
808
806
803
801
798
796
795
794
792
788
786
783
777
774
767
745
733
735
735
732
731
726
719
745
753
743
725
710
701
700
702
702
702
702
700
700
699
697
696
693
692
691
690
688
686
684
683
681
679
680
680
677
675
674
671
670
680
686
688
689
689
689
684
688
688
684
682
681
679
677
673
667
665
657
648
633
634
620
641
638
632
629
618
615
612
630
617
615
620
623
630
631
629
622
623
621
618
612
611
603
594
575
606
596
592
589
590
586
595
598
599
595
593
581
573
576
564
562
569
558
572
584
585
579
572
549
556
561
563
562
556
556
557
553
547
543
539
542
537
536
529
513
511
517
514
508
511
504
504
515
510
513
515
521
513
509
510
507
506
507
507
501
497
495
492
491
489
487
486
486
484
483
480
479
478
479
480
478
476
475
473
470
469
468
466
464
463
461
459
456
455
453
451
450
448
446
446
443
441
439
436
435
433
431
428
427
424
422
421
419
417
415
412
410
406
404
403
402
398
396
395
392
390
387
379
379
376
374
366
362
355
352
339
345
343
360
349
353
349
347
343
349
342
333
334
333
332
320
327
326
324
318
321
317
316
313
311
312
302
301
307
304
300
295
292
282
280
283
282
280
270
270
268
264
254
256
257
247
248
247
238
244
242
236
238
238
236
230
228
227
224
220
217
215
215
211
208
207
206
202
200
197
196
195
193
191
190
185
183
181
180
179
176
174
173
170
168
166
165
163
160
157
156
154
151
148
148
148
147
146
145
144
142
139
138
135
133
131
129
128
125
122
119
117
113
110
108
106
102
98
93
89
85
82
77
75
71
66
63
60
58
52
50
47
47
46
46
46
46
46
45
45
46
46
46
46
46
46
46
45
46
45
45
45
46
46
46
46
46
46
46
46
46
47
46
45
45
45
45
45
45
45
45
45
44
45
45
45
44
45
45
45
44
45
45
45
45
44
45
45
44
44
45
45
45
45
45
45
45
46
46
46
46
46
46
46
46
45
46
46
46
46
46
46
46
46
46
46
46
46
46
46
46
45
45
45
45
45
45
45
45
45
45
45
45
45
45
45
46
46
46
45
46
46
45
45
46
46
46
45
46
47
46
46
47
47
47
47
47
47
46
46
46
47
47
47
47
47
47
46
47
47
47
47
47
47
46
46
46
47
47
47
47
47
47
47
47
47
47
47
46
46
46
46
45
45
45
46
45
45
45
46
45
45
45
45
45
45
45
45
45
45
44
45
44
44
44
44
44
44
44
44
44
44
43
44
44
44
43
44
44
43
43
43
44
43
43
43
44
44
44
45
45
45
45
44
45
45
45
45
45
45
45
45
45
45
44
44
45
45
45
44
45
45
44
45
44
45
45
44
44
45
45
45
46
46
45
45
45
45
46
45
47
48
50
50
52
53
54
57
57
57
59
59
60
60
62
65
64
64
65
66
67
68
71
73
74
74
75
75
77
78
81
82
83
84
85
86
87
88
90
91
95
97
98
98
99
101
102
104
106
107
108
111
114
115
117
120
123
124
126
127
129
130
132
133
135
137
140
142
144
146
146
147
151
153
153
155
158
160
163
165
166
167
170
173
175
176
177
179
180
182
183
184
185
186
187
187
188
189
191
191
192
192
193
194
195
195
197
198
199
201
203
206
207
209
211
212
214
216
217
220
223
226
229
231
233
238
239
241
244
246
248
250
253
254
255
257
259
261
263
265
267
267
269
271
273
275
276
277
279
281
281
284
286
288
290
292
293
295
298
300
302
303
305
308
309
309
311
312
314
317
318
318
319
321
323
323
323
324
325
327
328
329
331
332
333
334
334
335
337
338
340
341
342
343
345
346
346
347
347
349
351
352
353
354
355
356
358
358
359
360
360
361
363
365
365
366
366
367
367
368
369
371
372
374
374
375
375
376
378
379
381
382
378
383
384
387
389
389
391
393
394
396
399
400
401
401
402
400
401
408
410
412
415
414
416
418
420
422
423
424
424
427
428
429
431
431
432
433
434
435
437
438
439
440
440
441
443
444
444
444
445
446
445
447
447
446
439
439
443
445
451
452
455
456
457
459
461
462
461
459
462
464
463
467
470
472
474
476
474
473
469
472
479
478
471
472
472
474
477
478
481
493
493
493
488
492
496
498
498
499
501
504
506
507
511
514
522
521
519
522
525
527
531
533
534
537
539
541
543
544
544
547
548
550
551
553
556
558
563
565
565
567
569
572
575
575
577
579
581
584
587
591
593
598
603
601
604
608
609
611
614
616
620
622
623
620
624
627
634
636
637
640
642
649
649
650
655
656
658
662
665
667
669
671
673
675
676
679
681
682
683
684
686
685
685
686
688
689
690
690
685
689
698
700
704
704
703
705
708
710
712
718
719
721
724
726
729
731
733
735
733
734
733
734
735
739
740
742
741
740
747
749
750
753
755
754
756
761
764
767
770
771
772
773
775
777
779
781
781
782
783
784
785
785
787
789
794
796
797
800
802
804
808
811
814
817
819
820
819
823
827
828
830
830
828
822
839
847
848
849
845
845
821
835
845
855
856
861
865
866
867
867
875
875
876
881
878
876
877
875
869
870
874
875
877
881
883
886
886
889
888
894
896
896
898
898
898
901
901
904
910
905
905
924
923
926
928
924
928
935
938
939
938
944
938
950
948
949
955
957
963
956
953
960
968
966
965
966
963
960
960
960
960
958
958
957
956
952
958
959
943
937
936
934
933
933
935
966
967
966
970
971
968
949
942
964
969
980
971
959
964
966
960
955
969
975
974
973
970
968
960
962
936
929
941
941
924
965
953
943
981
941
952
943
949
928
925
900
933
935
952
940
918
927
961
966
961
947
942
960
953
956
955
970
967
970
972
979
981
982
982
981
981
982
982
982
983
985
985
984
981
982
982
983
982
983
983
983
983
984
986
988
988
988
988
988
988
988
988
988
982
973
976
976
970
968
968
957
969
968
970
970
969
969
966
959
957
962
961
955
952
947
938
924
926
926
923
917
936
950
961
974
973
971
971
972
973
973
973
973
973
973
973
973
973
971
968
965
962
960
957
960
961
956
964
962
971
972
966
959
962
968
954
960
955
952
930
933
959
966
957
953
946
952
949
939
913
944
961
958
952
949
955
945
932
932
931
958
960
954
957
956
950
912
916
939
931
887
900
939
944
941
941
941
938
936
934
929
922
915
914
913
912
908
913
914
912
912
907
909
908
905
902
902
903
901
900
899
899
899
896
892
890
871
864
857
849
844
843
843
840
846
845
854
839
843
836
851
851
850
855
854
853
851
842
839
859
840
819
805
804
795
798
835
834
834
836
834
833
836
831
818
831
829
824
819
820
821
818
814
813
812
810
798
793
791
786
793
794
794
787
786
781
779
779
774
766
757
751
726
766
765
776
778
771
779
766
767
774
773
767
731
747
741
745
743
731
756
759
755
757
742
738
750
747
745
731
719
730
740
734
726
734
737
739
737
734
729
724
720
720
719
715
711
708
709
706
704
703
701
698
698
697
689
688
684
681
678
676
672
670
669
668
667
666
666
665
662
660
657
655
653
650
649
652
652
652
651
651
642
643
644
641
633
637
636
625
623
627
622
621
617
617
610
609
609
607
606
600
592
588
592
593
591
590
587
584
587
587
584
582
579
575
571
570
568
565
561
562
560
559
558
557
556
554
551
553
551
549
548
544
544
543
542
539
537
534
535
532
530
529
527
527
525
521
521
519
519
517
515
513
512
510
508
507
504
501
499
498
497
497
495
495
490
489
489
487
483
481
479
478
477
475
472
471
470
467
467
465
464
462
460
458
456
454
452
452
450
448
448
447
443
440
439
436
434
433
430
428
425
424
421
420
418
415
414
411
409
408
405
402
400
398
396
393
391
388
386
384
381
378
375
372
370
368
366
362
359
357
354
351
348
345
342
339
336
334
330
326
324
322
319
316
314
311
308
305
303
300
295
294
292
287
284
281
279
275
272
269
267
264
261
257
255
253
251
249
246
244
242
240
239
235
231
229
228
226
223
220
218
217
214
212
210
208
204
202
199
196
194
191
189
185
184
182
180
178
176
174
171
168
166
163
159
155
154
152
147
146
145
143
140
137
134
131
128
125
123
118
115
111
109
107
105
101
99
95
93
89
87
85
83
79
78
76
72
69
68
65
62
59
57
53
50
48
46
46
46
45
46
47
47
47
46
46
47
46
46
46
47
46
46
46
47
46
46
45
45
45
46
45
46
45
45
45
45
45
44
44
45
45
45
44
45
46
46
46
46
46
45
45
45
45
45
45
45
45
45
45
45
45
46
45
45
45
45
45
45
45
46
45
45
45
45
45
45
45
46
46
46
46
46
46
46
45
46
46
45
45
45
46
45
45
46
46
45
45
45
46
45
45
45
46
45
45
45
45
45
45
45
45
45
45
45
45
45
44
44
44
44
44
44
44
45
44
45
45
45
45
44
44
45
45
45
44
45
45
44
44
44
45
44
44
44
45
44
44
44
47
70
99
129
163
200
246
284
326
365
401
437
474
515
560
609
665
721
782
848
922
964
976
971
943
986
965
997
997
973
990
992
990
992
974
969
923
933
901
933
989
997
940
975
935
934
963
968
968
974
955
957
958
902
871
836
806
809
778
734
671
641
587
512
452
402
354
308
260
211
176
134
94
53
41
42
40
41
42
42
42
41
42
42
42
42
41
41
40
40
41
41
42
42
42
41
43
73
104
146
193
244
292
346
400
455
516
583
652
718
768
856
929
984
964
965
979
994
993
979
993
990
992
990
987
974
974
993
967
983
965
968
936
965
967
937
936
938
959
990
968
906
836
813
786
769
690
653
596
529
468
409
347
283
214
150
91
41
42
42
42
42
42
43
42
41
42
41
42
41
42
43
41
42
42
43
41
41
41
43
48
74
106
144
193
249
311
379
445
510
583
662
733
806
884
952
996
997
1000
998
994
995
979
990
990
997
997
998
997
997
998
998
997
977
988
991
994
984
986
994
980
985
961
934
896
853
806
763
717
666
613
543
472
405
335
263
184
108
44
43
43
43
43
43
41
42
43
42
42
43
42
42
42
42
42
41
42
42
43
42
42
42
43
42
42
41
42
42
42
42
42
42
42
42
43
43
43
43
43
42
42
43
42
41
41
41
41
41
42
41
43
46
53
47
47
48
47
45
45
45
45
44
44
44
44
44
44
43
43
44
44
44
45
43
42
42
43
49
59
87
105
83
72
82
60
58
67
65
45
76
59
56
52
69
47
46
59
56
57
68
50
55
67
50
44
47
54
57
53
53
49
52
59
60
61
59
66
59
57
62
61
60
62
58
63
62
62
59
61
60
61
58
57
57
57
55
54
55
57
58
56
56
56
57
57
57
56
56
57
57
57
58
57
59
60
60
57
58
49
49
47
48
63
66
58
45
47
51
47
48
54
65
55
60
72
60
56
61
54
56
53
59
50
70
77
66
70
68
68
76
61
57
59
63
62
59
58
53
55
56
57
59
69
64
63
60
58
59
62
64
77
73
72
69
65
66
63
59
63
65
65
61
63
62
63
62
65
68
68
71
71
72
76
76
73
70
70
75
