35
35
35
35
36
37
36
36
36
35
35
35
35
35
35
35
35
35
36
36
35
35
35
36
36
35
35
35
35
35
35
35
35
35
35
35
35
35
35
35
35
35
35
35
35
35
35
35
35
36
35
35
35
35
35
35
35
35
35
35
34
35
35
35
34
34
34
34
34
34
34
34
33
33
33
33
33
33
34
34
34
34
34
34
34
34
35
35
34
32
35
35
35
34
35
36
35
35
36
36
36
35
36
36
36
36
36
36
36
36
35
36
36
35
35
36
36
35
35
36
36
35
35
35
35
35
36
36
57
79
104
126
146
163
180
193
203
212
215
217
218
220
219
219
219
221
219
220
219
220
219
219
219
219
219
219
218
219
219
219
218
218
218
218
217
218
218
218
217
218
218
218
217
217
217
217
216
216
216
217
217
216
216
217
216
216
216
217
216
216
216
217
216
217
218
221
227
236
250
267
284
300
312
326
339
349
357
364
370
374
376
378
379
380
379
380
380
380
379
379
380
379
379
379
379
379
378
379
379
379
379
379
379
380
378
378
378
379
378
378
377
378
375
373
374
373
374
375
372
370
371
370
370
369
374
373
371
371
371
369
361
362
365
366
366
367
367
368
370
374
384
396
411
429
449
465
481
493
506
519
525
532
538
543
544
542
542
543
544
544
543
543
544
545
544
544
545
545
545
543
542
541
540
539
540
540
542
539
540
542
542
543
543
543
542
543
543
543
542
542
543
543
542
543
543
543
543
542
543
543
543
542
543
544
545
551
562
577
595
612
633
645
659
674
686
695
701
705
707
709
710
710
709
710
710
711
710
710
711
710
709
709
710
710
709
709
711
710
711
708
709
709
708
707
707
707
704
701
704
706
707
706
708
708
708
706
705
706
705
705
706
707
708
707
707
708
707
707
707
707
708
711
719
735
758
794
829
875
916
908
903
922
923
922
923
928
920
922
933
930
931
927
929
929
926
918
927
917
914
915
927
919
924
921
924
934
933
932
926
933
934
926
937
930
903
881
884
927
898
927
907
899
912
932
893
924
914
926
934
934
932
930
926
925
919
910
920
924
927
901
912
909
918
895
896
919
897
889
871
843
825
806
803
792
781
771
755
726
729
749
737
741
728
744
761
756
748
748
748
749
751
749
749
748
749
749
748
747
751
749
749
748
750
749
749
748
747
748
748
746
749
749
752
754
756
760
757
761
765
766
760
762
765
765
760
750
737
720
702
680
656
628
611
590
550
525
521
503
485
482
475
472
477
476
477
477
477
477
478
477
477
476
477
476
476
474
476
476
476
475
477
475
475
475
477
476
476
476
477
476
477
475
477
476
477
475
476
476
477
476
476
476
477
475
476
475
473
464
460
452
440
424
410
395
382
371
362
357
347
346
344
342
342
340
339
338
338
335
334
333
334
333
333
332
334
333
333
333
334
333
334
333
334
333
334
333
334
333
334
333
334
334
334
333
334
333
334
333
334
333
334
333
334
333
334
333
334
333
333
331
327
322
315
306
300
290
283
276
263
260
257
256
254
254
254
253
253
253
254
253
254
253
254
254
254
253
254
254
254
253
254
254
255
255
255
255
256
255
256
256
256
256
256
256
256
256
256
256
256
256
256
256
256
256
256
255
256
256
256
255
256
254
250
243
233
221
204
186
168
148
134
115
95
80
59
41
35
35
35
35
35
35
35
35
35
35
35
35
35
35
34
34
35
35
34
34
35
35
35
34
34
34
34
34
34
35
34
34
34
34
35
34
33
33
34
34
34
34
34
33
33
34
34
33
33
33
33
33
33
33
34
34
34
33
34
34
34
34
34
34
33
33
34
34
34
34
34
35
34
34
34
35
34
34
34
35
34
34
34
35
34
34
34
33
33
34
34
35
35
34
34
34
34
34
33
34
34
34
34
33
34
34
34
33
34
34
34
33
33
34
33
33
33
34
34
34
34
34
34
34
34
34
33
34
34
34
34
34
34
34
34
33
33
34
34
33
33
33
34
34
34
35
35
35
34
35
35
34
52
72
98
118
145
172
203
237
273
310
349
386
423
459
498
540
584
631
678
728
782
838
885
914
915
918
921
922
930
922
912
904
897
899
891
907
915
903
923
923
928
926
928
924
931
936
935
938
939
937
941
939
933
939
937
932
935
919
915
924
929
923
927
878
895
913
926
906
879
857
827
771
740
707
664
606
572
503
442
389
342
283
225
164
102
45
37
36
36
36
37
36
35
34
35
35
34
36
35
34
34
34
34
34
34
34
35
35
35
34
35
34
34
33
33
34
33
34
35
34
34
33
34
34
34
34
33
35
33
34
33
37
59
87
117
151
190
239
297
343
398
455
520
590
656
723
791
858
920
937
937
920
905
911
932
933
935
940
940
939
938
940
941
941
940
940
941
940
938
941
941
940
936
938
938
937
939
935
933
933
931
938
926
931
907
916
925
936
926
909
910
882
832
794
751
707
663
610
551
492
434
380
324
263
200
137
82
35
35
34
34
35
34
34
35
35
34
34
34
34
34
34
34
34
34
34
34
34
34
34
34
34
35
34
34
34
35
34
34
34
35
34
34
35
34
34
34
35
35
34
34
35
35
35
35
50
77
112
150
195
248
306
362
415
469
529
599
667
738
807
880
924
930
929
935
939
942
941
942
942
941
942
943
943
942
941
943
943
942
942
942
943
942
941
941
941
935
934
933
939
939
940
939
936
935
930
933
932
937
939
938
936
908
874
838
795
747
702
653
595
533
473
410
345
276
207
143
86
35
35
35
36
35
35
35
35
35
35
35
35
35
35
35
35
35
35
35
35
35
35
35
35
35
35
35
35
35
35
35
35
35
35
35
35
35
35
35
35
35
35
35
35
35
35
35
45
76
120
171
236
308
381
452
527
604
685
762
839
903
940
941
941
939
940
940
942
941
940
940
942
942
942
941
943
943
942
941
943
942
942
941
943
942
942
941
943
942
942
941
942
941
940
937
938
937
940
935
940
930
941
936
938
938
942
941
934
904
873
838
802
763
728
687
645
593
541
486
432
371
307
240
175
109
41
36
36
37
36
36
36
36
36
36
35
36
36
36
35
36
36
35
35
35
36
35
35
35
35
35
35
35
35
35
35
35
36
35
35
35
35
36
35
35
35
36
35
35
36
36
57
88
125
170
223
280
346
409
471
529
587
645
706
758
813
862
918
930
939
938
940
939
935
935
938
936
937
935
935
935
936
934
935
936
936
934
934
934
933
931
932
931
931
935
931
936
940
932
936
937
938
937
937
936
941
940
937
939
941
930
906
880
853
820
783
741
704
661
617
570
525
477
432
387
341
294
243
190
135
80
35
35
35
35
35
35
35
35
35
35
35
35
35
34
35
35
35
35
35
35
34
34
35
35
35
35
35
35
35
34
34
35
35
34
34
35
35
34
34
34
35
35
34
35
35
35
35
36
58
88
125
167
220
276
337
393
450
504
561
621
684
743
805
863
925
940
942
941
941
935
933
912
926
934
933
932
931
928
930
929
929
928
930
930
929
929
931
930
930
927
931
930
931
931
934
934
930
930
931
927
907
918
934
936
928
929
935
938
937
905
869
833
795
752
708
662
610
555
503
452
398
343
286
228
168
102
37
37
36
36
35
35
35
35
35
35
35
35
35
36
35
35
35
35
35
35
35
35
35
35
35
35
35
35
35
35
35
35
35
35
35
35
35
34
35
35
35
35
35
35
35
47
69
95
124
157
197
241
291
350
407
464
519
572
627
682
739
802
855
904
935
938
937
936
939
938
935
937
917
927
931
932
936
939
940
938
937
936
937
934
934
929
929
924
926
926
925
936
933
930
932
931
921
899
919
923
935
934
935
931
936
928
930
934
935
940
942
942
941
941
942
943
943
943
941
939
942
939
940
937
937
937
938
938
937
939
938
941
942
940
939
940
941
939
940
941
944
941
943
942
941
939
938
934
934
933
938
939
941
940
939
939
943
941
940
940
941
936
941
941
942
943
942
937
937
933
934
931
924
927
931
925
933
930
932
932
932
932
930
927
927
929
928
926
929
930
930
929
928
930
930
929
928
928
930
929
928
929
928
929
929
930
930
930
929
930
931
931
929
930
931
931
930
930
931
932
931
931
930
932
932
931
931
931
932
931
931
933
931
931
931
933
933
932
931
933
932
932
931
932
933
932
932
933
933
933
932
933
933
934
933
933
933
933
933
933
933
934
933
933
934
934
933
933
934
934
934
932
934
935
934
933
933
934
933
933
932
934
933
932
933
933
932
933
932
934
933
933
932
933
