121
120
120
120
121
121
120
120
121
122
122
122
122
125
128
132
131
135
160
155
134
147
157
150
137
141
129
134
133
132
137
138
134
132
131
131
131
131
131
130
130
130
130
130
130
130
129
128
128
129
128
127
120
120
119
123
135
132
131
131
126
127
128
128
129
129
128
126
127
127
127
129
129
127
126
127
126
125
125
125
124
121
124
123
121
119
117
115
112
109
104
101
98
95
90
86
81
76
72
66
62
61
61
61
61
61
61
61
62
62
67
60
64
52
50
51
53
53
55
52
52
51
50
49
50
49
49
50
50
51
50
50
51
51
51
50
50
51
52
52
50
51
51
50
50
50
51
50
50
50
51
50
50
50
50
50
50
50
50
50
50
50
50
50
50
51
51
52
51
51
51
51
51
51
51
52
51
51
52
52
51
51
57
78
98
124
147
178
210
245
280
317
355
390
424
458
492
528
565
605
646
684
727
772
822
871
926
941
941
941
940
941
941
939
940
940
939
938
937
937
936
928
928
927
933
930
919
919
902
931
873
914
897
887
886
889
889
860
880
882
885
879
917
877
888
888
851
860
784
784
747
702
658
650
592
609
613
576
535
478
444
403
363
324
280
238
179
131
89
49
48
47
49
49
47
49
49
51
50
50
51
48
49
48
48
47
49
49
48
49
50
51
49
50
50
49
51
50
50
50
51
55
75
97
123
150
180
211
245
282
317
351
384
414
447
481
523
564
606
644
683
729
761
815
844
899
928
935
930
927
936
936
934
932
937
938
940
940
940
941
941
940
940
940
941
940
940
939
939
939
939
939
938
937
935
934
933
927
928
916
894
871
851
798
805
778
735
697
646
629
584
539
499
453
393
367
327
277
240
188
136
91
59
59
64
64
65
67
69
67
67
66
65
63
61
62
62
59
57
59
55
52
62
59
57
62
58
60
62
61
61
62
62
61
59
64
79
91
115
127
151
185
220
239
282
318
351
381
412
442
482
520
558
579
612
642
665
706
757
815
818
879
859
936
918
897
888
911
935
917
913
905
903
916
914
913
913
913
913
912
911
903
893
882
886
881
886
905
884
923
888
884
888
904
903
920
901
907
856
916
881
871
858
890
896
904
816
855
838
777
802
743
721
707
651
641
591
560
507
483
444
404
396
366
345
310
268
228
187
139
92
71
73
72
72
71
70
69
67
67
66
66
65
65
66
66
65
65
66
66
62
64
63
63
64
64
64
62
62
63
62
63
62
69
87
105
126
147
172
197
223
255
280
310
342
373
403
435
467
499
533
568
604
643
681
722
761
802
843
879
919
933
934
935
928
930
907
908
900
888
905
923
921
920
920
921
922
921
926
925
922
931
927
923
921
921
922
923
922
921
919
927
915
912
916
913
907
895
910
910
905
903
920
917
905
889
891
895
894
897
896
892
884
873
868
907
913
908
906
903
894
926
921
913
931
931
922
921
921
919
922
924
923
930
931
925
930
930
930
931
929
923
923
911
907
936
935
935
933
908
908
882
895
868
909
877
848
917
923
907
907
921
923
922
921
914
898
925
899
910
908
877
891
910
886
928
933
933
933
937
935
939
937
938
939
938
938
939
939
938
938
938
938
938
938
938
939
938
938
939
939
939
938
939
939
939
939
939
939
939
939
939
939
939
939
939
939
939
939
939
939
939
939
939
939
939
939
939
939
939
939
939
939
939
939
939
939
939
939
939
939
939
939
939
939
939
939
939
939
939
939
939
939
939
939
939
939
939
939
939
939
939
940
940
939
939
940
940
939
939
940
940
940
939
940
940
940
939
940
940
940
940
940
940
940
940
940
940
940
940
940
940
940
940
940
940
940
940
940
940
940
940
940
940
940
940
940
940
940
940
940
939
939
938
938
937
936
935
934
934
933
933
934
934
935
936
934
934
933
932
932
932
932
932
931
930
930
929
929
928
928
928
928
928
928
928
928
928
927
928
930
931
931
931
931
931
931
931
931
931
930
931
933
934
935
937
938
938
938
937
938
938
937
938
938
939
939
939
939
940
939
939
940
940
940
939
939
940
940
939
939
940
940
939
939
940
940
940
939
940
940
940
939
940
940
940
939
940
940
940
939
940
940
940
940
940
940
940
939
939
940
940
939
939
940
940
940
940
940
940
939
938
937
938
938
932
913
891
868
842
813
781
745
700
673
632
579
541
502
454
405
376
337
292
244
202
157
110
65
54
54
54
53
52
52
52
52
52
52
53
52
52
52
53
52
52
52
52
52
51
51
52
52
52
50
51
52
52
50
51
50
50
51
51
51
51
51
50
51
50
50
51
52
52
53
79
111
146
183
226
269
315
365
415
466
515
568
626
680
733
784
835
880
929
943
941
941
940
941
941
940
940
941
941
941
940
941
941
941
940
939
940
940
939
938
938
933
932
928
934
937
936
941
940
938
937
938
941
942
941
942
941
932
909
882
852
817
778
739
702
661
614
558
507
462
419
357
317
294
255
217
171
134
90
55
56
54
53
55
57
58
57
56
57
56
54
56
56
55
55
53
54
57
57
52
57
57
56
56
57
56
55
56
56
56
56
56
68
92
125
162
204
249
292
336
381
424
468
514
555
609
660
710
756
804
845
883
917
936
937
938
939
939
938
938
938
933
936
937
939
941
940
938
939
939
938
931
933
934
934
936
934
936
923
932
928
919
904
890
881
903
896
874
856
830
798
764
729
690
650
603
540
508
470
426
384
337
288
239
195
145
93
51
56
54
57
54
52
52
52
53
53
49
53
54
51
53
51
52
53
54
54
55
53
53
53
54
54
53
54
53
54
54
53
52
54
54
54
53
52
53
53
52
53
52
52
52
65
81
96
112
129
148
173
196
214
231
243
250
258
262
266
269
273
275
277
276
275
278
277
278
279
277
276
280
276
276
273
277
273
275
269
268
271
270
270
270
270
271
271
271
271
271
271
271
271
270
271
271
271
270
270
271
271
271
271
271
271
271
270
271
271
271
272
273
275
278
282
286
292
299
308
315
323
332
341
350
359
367
375
382
388
392
397
400
402
401
403
404
403
403
403
403
403
403
403
403
403
402
403
403
403
403
403
403
403
403
403
403
403
403
403
403
403
403
403
403
403
403
403
403
403
403
403
403
403
403
403
403
403
405
408
414
421
430
439
449
462
473
482
491
499
507
511
515
517
518
518
518
518
518
518
518
518
518
518
518
518
518
518
518
518
518
518
518
518
518
518
518
518
518
518
518
518
518
518
518
518
518
518
518
518
518
518
518
518
518
518
518
518
518
518
518
518
518
520
524
532
538
550
560
570
579
588
596
604
612
620
629
634
641
644
647
649
650
649
649
650
650
650
649
650
650
650
650
650
650
650
650
650
650
650
650
650
650
650
650
649
650
650
649
650
650
650
650
650
651
651
650
650
650
651
650
650
651
651
651
651
651
651
651
650
650
650
651
650
650
650
650
650
650
650
651
653
656
661
667
674
680
689
696
707
715
725
731
737
740
745
747
748
748
747
747
747
747
747
747
745
744
743
741
738
740
741
741
742
742
743
743
743
743
743
744
744
744
745
745
745
745
745
745
745
745
745
745
745
745
745
745
745
745
745
745
745
745
745
745
745
745
746
745
745
745
746
747
750
757
764
769
777
787
795
808
821
833
844
853
862
866
871
874
875
876
876
876
876
876
876
877
876
875
875
876
875
875
875
876
875
875
876
876
876
876
875
876
876
876
876
876
876
876
876
876
876
876
876
876
876
876
876
876
876
876
876
876
876
875
874
873
873
873
874
875
879
887
896
905
914
918
923
927
931
931
931
931
931
932
931
931
932
932
932
934
930
930
932
931
933
933
934
934
933
934
934
933
933
934
934
933
933
934
934
934
933
934
934
934
933
934
934
933
932
931
932
929
929
931
930
929
929
931
932
932
932
935
939
939
939
940
940
940
941
940
941
941
941
941
941
942
942
941
942
942
942
941
941
942
942
941
941
942
942
942
940
940
941
941
941
941
941
941
937
938
940
941
942
942
942
942
942
942
941
940
938
939
940
940
939
939
939
939
938
938
939
940
940
939
939
939
939
938
940
939
942
941
942
921
903
890
875
864
854
845
837
830
827
819
823
816
820
821
812
811
820
820
818
824
825
826
826
826
827
827
826
826
826
827
826
826
826
827
827
826
827
827
827
826
827
827
827
826
826
827
827
826
826
827
827
826
826
827
827
826
826
827
826
827
826
827
827
827
826
826
826
826
821
815
807
798
788
776
766
756
748
741
734
728
722
715
710
706
702
700
699
696
680
690
678
664
671
682
684
687
689
689
689
689
690
689
689
690
690
690
691
692
692
692
692
692
692
692
691
692
692
692
692
692
692
692
692
692
692
692
692
692
692
692
692
692
692
692
692
691
692
692
689
686
678
671
661
650
637
623
605
590
575
560
551
541
533
522
527
530
524
523
522
517
519
518
520
519
519
518
518
518
518
518
518
517
514
517
522
521
520
528
525
525
524
501
524
501
509
516
499
506
505
525
522
531
527
521
520
483
492
488
493
497
515
510
517
520
521
519
520
511
506
500
491
483
473
463
453
442
430
423
413
405
395
381
384
383
383
377
385
399
397
394
391
388
389
386
383
379
380
377
394
375
385
378
379
378
389
381
375
385
366
364
384
388
388
385
387
390
390
384
386
388
388
384
385
379
379
381
379
372
384
385
372
370
372
371
383
374
373
364
348
355
343
351
345
336
332
327
323
321
320
320
320
320
320
320
319
319
319
319
319
319
319
319
319
319
319
320
320
320
320
320
320
320
320
320
320
320
320
320
320
320
320
320
320
320
320
320
320
319
319
319
319
319
320
320
320
320
319
319
319
317
313
308
300
292
282
274
262
253
243
236
231
227
226
228
225
223
225
225
225
225
225
226
227
226
227
227
227
227
227
227
228
227
228
228
228
227
227
227
227
227
227
227
227
227
227
227
227
227
227
227
227
227
227
227
227
227
227
226
224
220
211
199
185
175
161
153
144
137
131
126
120
118
112
109
108
108
108
108
108
107
107
107
107
107
106
106
107
107
107
106
107
107
107
106
107
107
106
107
107
107
108
108
107
108
108
108
108
108
108
108
107
108
108
107
107
107
107
107
107
107
107
106
101
97
89
77
64
50
52
53
48
48
48
48
48
47
50
50
50
49
49
50
49
49
49
49
49
49
49
49
49
49
48
49
49
48
48
49
49
48
49
49
49
48
49
50
50
50
49
50
49
49
49
49
49
48
48
48
48
48
48
47
48
49
48
48
48
49
48
48
48
49
48
48
49
49
49
51
52
51
51
52
52
51
55
59
54
54
54
54
54
52
48
48
47
53
52
50
53
54
58
54
50
48
47
44
42
43
43
41
42
43
43
44
43
43
42
45
44
44
49
51
53
51
51
52
55
53
52
52
54
56
68
61
57
55
59
59
57
66
68
76
80
56
64
57
57
69
56
52
66
62
64
58
53
53
53
56
83
95
103
76
67
51
52
46
50
49
53
60
62
63
62
54
57
55
57
56
55
54
50
52
54
56
57
82
90
68
82
79
91
72
81
68
63
62
64
60
57
67
64
63
58
59
59
57
57
57
59
60
55
61
60
58
58
61
61
61
62
59
63
67
69
67
67
60
57
57
58
59
60
62
64
62
62
63
67
63
63
65
65
63
63
63
61
62
64
65
64
64
62
63
62
64
66
69
67
67
68
67
66
69
67
71
74
70
69
68
67
64
63
