44
44
44
44
44
44
44
44
44
44
44
44
44
44
44
44
44
44
44
44
44
44
44
44
44
44
44
44
44
44
44
44
44
44
44
44
44
44
44
44
44
44
44
44
44
44
44
44
44
44
44
44
44
44
44
44
44
44
44
44
44
44
44
44
44
44
44
44
44
44
44
44
44
44
44
44
44
44
44
44
44
44
44
47
49
49
51
47
46
47
46
46
46
46
46
45
46
47
46
46
45
44
45
45
45
45
52
46
43
44
44
44
44
45
47
46
46
46
46
43
45
46
46
46
46
46
47
46
46
47
47
46
47
48
48
49
48
47
47
46
45
46
47
47
47
46
46
46
45
45
45
45
43
45
44
44
42
42
45
45
44
45
44
45
45
45
44
45
46
46
45
45
45
45
44
45
45
45
44
44
43
43
45
44
45
46
44
46
46
45
45
45
45
44
44
44
45
42
42
44
44
43
44
44
44
43
45
44
45
44
44
45
45
45
45
44
44
44
45
45
45
45
45
45
45
45
45
45
45
45
45
45
45
46
46
46
46
46
48
48
47
47
48
47
47
46
47
47
45
46
47
49
47
46
47
49
48
61
53
54
69
61
69
71
71
75
67
69
67
57
52
56
57
61
64
72
71
67
66
65
65
64
64
63
64
63
63
63
63
63
64
66
69
72
76
78
72
70
73
75
75
75
71
69
69
70
71
69
69
70
72
72
70
66
68
77
69
64
66
62
65
69
72
74
76
84
82
84
93
95
79
80
77
87
88
90
85
82
87
102
99
122
134
148
160
166
197
208
212
233
263
278
297
321
341
369
402
412
441
465
491
525
563
591
625
669
713
752
802
853
898
927
925
917
911
918
921
900
916
906
900
904
905
873
912
912
911
916
920
918
920
920
920
918
916
909
909
914
925
926
926
926
926
926
926
926
926
926
926
926
926
907
879
850
817
781
740
703
658
614
569
542
499
469
437
402
372
342
309
273
234
191
144
98
50
46
46
46
46
46
46
46
46
46
46
46
46
46
46
46
46
46
46
46
46
47
46
46
46
46
45
45
45
45
45
45
45
46
45
45
45
46
46
46
46
67
94
121
149
181
215
246
287
317
355
384
412
435
462
483
503
530
559
583
603
625
652
681
710
707
746
730
801
834
864
892
900
895
918
908
909
908
914
914
912
912
912
912
912
912
911
912
913
914
892
916
904
864
891
907
884
895
897
868
899
910
862
893
897
922
895
866
815
780
744
713
675
635
588
544
501
461
419
377
335
291
245
194
143
84
50
50
52
50
49
48
48
49
49
49
50
50
50
50
50
50
50
49
50
50
52
52
52
53
53
52
51
51
51
50
51
49
50
50
52
81
122
162
208
257
314
369
423
482
544
610
668
731
799
846
886
926
924
929
930
931
931
931
930
929
929
930
927
922
927
931
928
929
922
921
929
934
934
934
932
931
934
935
934
934
933
928
928
927
921
888
856
821
779
736
697
654
606
550
503
460
414
369
318
258
192
126
61
48
53
53
49
51
53
52
53
53
52
52
51
52
52
52
52
52
52
52
52
53
53
52
52
53
53
54
54
54
54
54
54
54
55
55
69
93
127
164
208
257
312
367
417
468
517
568
623
676
729
789
848
902
936
936
936
936
936
936
936
937
937
936
936
937
937
937
936
937
937
936
936
937
937
937
936
937
937
936
936
936
936
936
911
879
845
803
758
718
675
629
577
530
481
433
386
336
285
235
179
125
67
52
52
51
52
53
53
54
53
52
52
52
52
52
51
51
52
51
51
51
52
52
51
52
51
52
52
52
53
52
53
54
58
90
128
172
224
278
337
397
458
513
566
630
694
759
825
881
932
934
935
936
935
936
937
937
937
936
936
937
937
936
935
935
930
930
931
930
927
928
930
930
931
931
931
933
929
930
928
924
933
933
933
923
896
864
825
776
722
665
609
551
496
448
399
353
303
254
208
167
130
92
54
53
53
53
53
53
53
53
53
53
53
53
53
54
53
54
53
54
53
53
52
53
53
52
51
50
50
50
51
52
52
52
74
111
153
204
259
322
384
440
497
557
621
690
753
821
875
926
934
935
936
936
936
936
936
936
936
936
936
934
934
934
935
934
934
934
934
933
933
933
932
931
933
934
933
935
935
937
937
937
936
937
937
937
919
887
849
805
752
699
640
575
513
457
408
357
306
259
212
165
114
64
52
52
53
54
54
53
53
53
53
53
52
53
53
54
54
55
56
56
56
57
56
56
56
56
56
56
56
59
85
118
155
197
246
300
359
415
466
521
575
636
695
754
820
871
921
935
933
926
925
927
926
926
924
922
921
920
919
924
921
922
915
912
928
927
925
925
926
917
912
916
913
900
912
909
904
917
922
905
869
825
769
692
650
576
531
461
405
356
305
248
192
139
88
48
47
47
47
48
48
48
48
48
48
47
47
46
46
47
47
47
48
48
48
48
48
46
47
48
47
47
49
67
97
134
179
221
275
342
402
458
511
562
629
692
754
806
870
913
926
919
925
928
932
932
932
932
932
932
926
923
923
925
925
925
925
924
925
922
923
922
918
922
925
922
924
922
923
924
924
923
910
889
854
799
740
686
627
563
496
441
385
331
278
231
177
125
72
48
47
47
48
48
48
48
48
48
48
48
48
48
48
48
48
49
47
45
44
47
46
46
46
46
46
47
46
47
47
46
46
46
47
46
46
46
47
46
46
46
47
46
46
46
47
46
46
46
47
47
46
46
47
47
47
46
47
47
47
47
47
47
46
47
47
47
60
82
105
131
158
193
226
251
277
303
311
325
340
344
348
347
350
351
341
351
349
349
350
350
350
349
350
350
351
350
350
348
349
349
347
349
349
348
346
345
348
345
347
350
349
349
350
350
350
348
348
347
349
348
348
349
349
349
349
349
349
349
349
348
348
348
348
348
348
348
348
348
348
349
350
351
353
355
359
363
371
381
392
405
418
430
441
453
463
472
481
493
504
516
526
537
545
551
556
560
564
564
564
564
565
564
564
565
565
565
565
564
564
564
564
564
564
564
564
564
564
564
565
565
564
565
565
565
565
565
565
565
565
565
565
565
565
565
565
565
565
565
565
565
565
564
565
565
565
565
565
565
565
565
565
565
567
572
580
590
601
615
629
642
659
673
686
696
707
715
723
730
735
739
742
743
743
743
743
743
743
743
743
743
743
749
746
750
748
749
749
748
748
749
749
749
749
749
750
752
750
747
748
746
746
746
746
745
745
746
746
746
746
746
746
746
745
745
745
746
748
745
745
746
746
750
752
751
758
766
777
787
798
809
815
826
822
844
846
859
865
871
876
881
888
893
896
896
897
897
897
897
897
895
895
893
897
900
903
904
904
903
903
903
904
904
903
903
903
903
902
902
901
901
901
901
902
901
901
902
902
902
901
902
901
901
901
901
901
901
901
901
901
901
900
900
900
903
898
897
901
905
905
906
906
907
915
903
904
903
902
887
896
900
856
899
889
906
886
886
874
889
899
898
893
868
885
875
927
914
919
913
910
910
912
912
909
910
911
920
900
892
894
900
876
857
877
882
898
885
883
893
907
880
874
888
900
905
904
904
903
903
903
903
903
903
903
899
889
873
860
847
834
823
813
804
795
789
784
781
779
777
776
776
776
776
776
776
776
776
776
776
776
776
776
776
776
776
776
776
776
776
773
768
767
755
741
777
729
774
778
777
780
781
781
781
780
780
780
780
780
780
780
780
779
780
780
780
779
780
780
779
779
779
778
775
771
765
759
750
739
732
722
713
703
692
679
666
654
642
633
626
621
616
612
610
607
605
603
601
599
598
596
597
597
597
597
597
597
597
597
597
597
597
597
597
597
597
596
597
596
596
596
596
596
596
596
596
596
596
596
596
596
596
596
596
596
596
596
596
596
596
596
596
596
596
596
596
596
596
596
596
596
596
596
596
596
596
595
594
592
587
581
573
563
553
544
534
525
518
512
505
502
499
497
495
495
495
495
495
496
495
496
495
496
496
495
495
495
495
495
495
495
495
495
495
495
495
496
496
495
496
496
496
496
496
495
496
496
496
496
496
496
496
496
496
496
496
496
496
496
495
494
490
489
490
490
490
490
490
490
490
489
488
486
482
478
472
465
458
451
442
435
427
419
415
411
406
404
402
402
401
401
401
401
401
401
401
401
401
401
401
401
401
401
401
401
401
401
401
401
401
401
401
401
401
401
401
401
401
401
401
401
401
401
401
401
401
405
413
417
412
405
402
402
402
402
402
402
402
401
401
401
400
398
394
389
384
376
368
360
353
346
336
326
314
302
290
288
280
285
283
282
281
280
280
281
281
281
281
281
281
281
281
281
280
280
280
280
280
280
280
280
280
280
280
280
280
280
280
280
281
281
281
281
281
281
281
281
281
281
281
281
281
281
281
281
281
281
280
279
276
273
265
254
239
223
198
173
146
118
81
47
45
47
46
47
47
47
47
46
46
47
47
47
47
46
46
47
47
47
47
47
47
47
47
47
47
46
46
45
46
46
47
47
46
45
47
47
46
46
46
46
47
47
48
48
48
48
48
47
47
49
47
48
47
47
46
48
49
49
48
51
55
48
47
43
42
43
43
44
43
44
43
42
41
42
44
43
44
42
42
40
41
42
44
43
43
45
45
44
43
45
44
45
45
43
45
44
44
48
47
55
54
57
53
47
45
48
42
44
44
44
45
44
44
51
46
42
43
43
43
43
42
42
45
43
42
42
42
43
42
42
43
43
43
42
42
43
42
42
42
42
42
42
43
43
42
42
42
42
42
42
42
42
42
42
42
42
42
42
42
42
42
42
42
42
42
42
42
42
42
42
42
42
42
42
42
42
42
42
42
42
42
42
42
42
42
42
42
42
42
42
42
41
42
42
42
42
42
42
42
42
41
42
42
42
41
42
42
42
41
42
42
41
41
42
42
42
41
42
42
42
41
42
42
42
42
41
42
42
41
41
42
42
41
41
42
42
41
41
42
42
41
41
41
42
41
41
41
42
41
41
41
42
41
41
41
42
42
41
41
41
42
41
41
41
42
41
41
41
42
41
41
41
41
41
41
41
42
41
41
41
41
41
41
41
41
42
41
41
41
41
41
41
41
41
41
41
41
42
41
41
41
41
41
41
41
41
41
41
41
41
41
41
41
43
41
41
41
42
42
42
41
41
42
42
42
42
42
41
41
41
41
41
41
41
42
42
41
41
42
42
42
41
42
42
42
41
42
42
42
41
42
42
42
42
42
42
42
42
42
42
42
41
41
42
42
41
41
41
42
42
41
41
41
41
41
41
42
41
42
41
42
42
41
41
41
41
41
41
41
42
41
41
41
42
42
41
41
42
42
42
42
42
42
41
41
42
