40
41
41
41
40
41
41
40
40
41
40
41
40
41
41
41
40
41
41
41
40
40
41
41
40
40
41
41
40
40
41
41
41
40
41
41
40
40
41
41
41
41
41
41
41
40
40
41
41
40
40
41
41
41
40
41
41
41
40
41
41
41
41
41
41
41
40
41
41
41
40
41
41
41
40
40
41
41
40
40
41
41
41
40
41
41
40
41
41
41
40
41
41
41
41
41
41
41
41
41
40
41
41
41
40
41
41
40
40
41
41
41
40
41
41
41
41
41
41
40
40
41
41
41
40
40
41
41
40
40
40
41
41
40
41
41
41
40
41
41
40
40
41
41
40
40
41
41
44
49
46
85
71
47
60
46
50
75
78
70
76
66
48
50
46
49
57
56
56
52
64
73
59
66
56
48
53
56
60
54
70
60
53
56
61
62
79
79
63
70
68
60
70
55
58
58
52
58
64
80
86
94
98
120
60
67
75
68
59
55
61
58
45
45
41
43
43
46
42
45
54
48
47
48
49
58
51
53
50
63
51
46
51
62
53
53
50
46
50
55
55
48
47
60
48
50
42
43
41
39
39
41
39
40
41
42
42
41
40
39
40
41
41
42
43
43
43
43
43
43
43
43
43
43
42
42
42
42
42
42
42
43
42
42
43
43
42
42
42
43
42
42
42
43
42
42
42
43
42
42
43
43
42
42
42
42
42
42
42
42
42
42
42
42
42
42
42
43
43
42
42
42
42
42
42
41
42
41
41
41
41
42
41
40
41
40
41
40
41
43
42
41
42
43
42
42
43
41
43
46
53
63
53
51
41
42
46
46
54
59
56
51
51
50
48
54
51
51
59
63
64
65
66
70
67
73
76
78
77
72
75
79
79
86
90
95
94
93
99
100
106
103
99
105
103
113
109
108
107
109
107
111
119
116
113
117
115
120
124
127
128
125
129
133
132
132
132
132
131
129
135
132
141
139
138
138
140
143
144
147
148
150
150
149
154
159
162
159
163
165
163
164
162
158
158
162
161
163
165
167
168
167
169
173
175
175
176
174
176
177
178
179
187
189
182
185
186
189
197
200
202
205
208
211
212
214
215
217
219
221
226
227
227
226
229
233
234
231
223
224
226
225
227
229
230
231
234
235
235
241
242
243
246
253
254
258
261
261
262
263
265
268
269
274
276
273
278
282
286
284
284
283
284
292
293
291
292
295
301
304
302
300
313
308
315
319
319
321
324
319
320
319
322
325
332
330
332
347
351
355
357
358
359
360
361
364
366
368
370
373
375
373
371
369
368
373
379
381
382
384
384
383
384
383
373
384
391
393
390
393
388
400
402
394
394
395
398
399
398
396
392
412
403
414
417
416
414
420
428
429
435
427
433
433
437
439
448
448
452
457
461
448
452
452
451
454
456
466
455
467
468
469
480
478
477
504
501
492
485
482
489
511
507
506
517
516
516
522
517
528
517
529
537
528
512
516
522
535
543
538
517
517
538
537
545
537
547
537
535
550
535
532
541
530
539
548
547
571
564
553
566
588
590
583
562
576
575
564
586
596
597
597
594
591
592
591
588
598
590
576
595
584
586
584
606
606
594
610
617
610
606
623
606
617
626
634
590
613
618
615
624
618
617
645
627
631
634
630
640
642
629
636
630
631
632
647
651
659
662
662
654
663
653
654
651
641
647
643
640
644
663
671
674
676
678
675
678
683
674
681
675
656
655
672
668
665
689
698
708
711
707
692
701
703
707
706
700
708
718
716
689
680
702
703
706
707
708
710
712
714
716
718
720
721
724
724
724
724
725
726
728
730
732
734
737
738
740
741
744
745
747
747
748
749
750
751
753
756
758
760
761
763
765
766
766
770
772
774
775
777
779
781
783
784
787
788
789
791
794
796
798
801
803
805
805
807
808
810
811
813
814
816
819
820
823
824
824
825
827
829
831
832
833
834
835
836
838
839
840
840
842
844
845
846
847
849
851
852
851
852
854
856
860
861
861
862
864
867
868
869
870
871
872
873
875
875
877
879
880
881
883
884
886
887
890
892
892
892
895
898
901
902
903
906
908
909
910
913
915
917
919
920
922
924
927
929
932
932
934
936
936
937
939
939
942
942
942
942
942
945
941
954
953
938
936
937
941
932
933
932
955
948
939
945
935
935
891
906
954
938
904
932
900
900
926
947
940
927
932
915
925
926
913
910
940
935
930
931
933
930
940
932
935
921
920
937
918
954
949
933
925
947
932
952
945
915
921
931
926
929
917
959
904
896
926
962
938
946
944
949
971
956
945
944
951
969
973
948
964
957
953
945
945
945
945
946
946
946
955
948
946
945
945
944
944
943
941
941
941
940
940
940
946
946
945
943
938
937
936
935
935
935
937
938
938
935
933
931
933
932
933
936
934
935
934
935
934
934
933
933
933
931
932
932
930
932
933
932
932
933
933
933
933
932
933
934
933
934
933
932
933
933
933
933
933
933
933
933
933
932
932
933
934
934
933
933
933
932
934
933
931
930
931
931
931
932
932
931
930
930
928
928
925
924
922
922
921
920
921
921
921
916
917
913
911
907
904
904
918
940
942
940
937
930
923
917
908
901
903
902
892
887
885
882
881
879
878
875
872
869
867
866
867
867
865
863
861
860
858
857
857
856
855
854
855
858
865
873
877
876
875
874
874
875
875
873
872
881
869
866
865
863
861
860
857
855
852
853
846
846
842
841
842
842
851
854
841
835
834
835
835
834
831
831
830
837
858
863
865
866
866
866
867
867
866
867
865
865
861
860
856
852
852
848
838
824
822
819
815
809
807
806
807
809
803
802
805
807
811
807
807
806
804
801
803
806
807
809
810
809
807
806
805
804
804
803
799
798
796
795
794
794
792
788
788
787
786
786
784
783
782
782
783
778
778
779
775
773
773
772
771
771
770
770
768
767
765
765
763
761
760
759
758
758
757
756
755
754
753
752
752
751
749
748
748
747
746
744
743
742
741
742
742
742
743
743
739
735
733
733
733
733
731
731
731
729
727
725
726
726
725
725
724
724
722
721
720
719
717
717
717
715
712
710
716
718
717
714
710
707
706
705
704
703
701
699
699
703
703
701
700
698
697
695
696
694
694
692
690
686
685
686
686
680
679
678
677
674
671
671
673
673
672
669
667
666
666
665
664
663
661
660
657
655
655
655
657
656
654
654
651
654
650
651
647
643
643
636
634
634
631
631
629
635
624
629
621
618
627
625
622
613
612
612
611
611
609
608
608
609
607
609
606
607
610
610
610
611
608
607
608
606
603
601
601
601
600
599
597
595
593
585
583
588
585
587
580
582
579
579
578
579
580
575
575
572
569
568
567
566
568
564
565
562
560
559
556
555
554
554
557
551
550
548
547
546
546
545
544
541
544
539
533
539
538
532
530
527
527
525
523
525
524
524
521
520
520
517
515
515
517
515
513
512
512
512
512
511
509
507
506
509
507
509
507
508
506
503
501
504
509
500
506
506
504
503
499
498
496
495
496
492
491
490
488
487
482
483
481
476
477
475
474
467
469
465
465
464
462
461
463
460
458
456
456
453
451
448
455
455
454
452
452
448
447
446
444
443
441
435
433
433
425
424
422
422
424
422
417
416
412
413
413
409
408
406
405
403
401
399
398
398
394
403
406
403
396
392
396
391
384
387
385
386
387
385
385
381
380
372
369
367
363
359
359
356
355
362
357
357
355
351
348
348
347
351
350
350
348
347
347
348
346
344
342
341
342
340
339
335
335
333
332
330
329
327
326
326
324
321
321
316
314
318
315
313
312
310
308
307
305
303
303
300
297
297
296
292
290
287
284
283
280
278
276
274
272
271
269
269
267
265
263
260
259
257
256
254
252
250
249
246
242
241
240
239
237
236
234
233
232
231
230
227
223
222
221
220
219
217
213
209
207
207
208
204
203
202
201
200
197
196
195
193
190
189
188
188
187
185
186
186
184
180
180
179
178
178
177
172
172
172
167
166
163
163
162
161
161
160
156
153
153
151
152
150
150
148
146
144
141
140
140
139
139
139
138
136
134
134
133
133
131
127
125
125
125
125
123
122
121
120
118
115
113
113
109
107
107
106
105
103
102
100
98
96
95
93
93
92
91
91
89
89
87
85
85
85
83
81
80
78
78
75
76
76
74
74
72
72
69
68
66
68
66
66
65
64
63
62
59
59
58
57
53
51
50
48
47
46
45
45
44
43
43
42
42
42
42
42
41
41
41
42
42
42
42
42
42
42
42
43
42
42
42
43
43
42
42
43
43
43
43
43
43
43
43
43
43
41
42
43
44
43
42
42
42
42
43
42
43
43
42
42
41
41
40
41
42
42
42
42
43
44
43
43
43
43
43
43
43
42
42
41
40
41
42
42
40
41
41
41
42
42
43
44
43
44
44
44
43
44
44
45
45
47
46
43
44
45
46
47
47
45
44
43
43
45
46
44
43
44
45
44
45
45
47
45
44
43
42
42
42
42
42
41
43
42
42
42
43
41
41
40
41
41
41
41
41
41
43
43
43
43
44
45
43
42
40
40
40
40
40
39
40
41
41
41
39
39
39
39
39
40
39
39
39
39
39
39
39
39
39
39
38
39
39
38
38
39
39
38
38
39
39
38
38
39
39
39
38
39
39
38
38
38
38
38
38
38
38
39
38
38
39
39
38
38
39
39
38
38
38
39
39
39
40
39
39
39
39
39
39
39
38
39
39
39
39
39
39
39
38
39
39
39
39
39
39
39
39
40
39
39
39
39
38
38
39
39
39
38
38
38
39
39
39
39
40
40
41
41
43
43
43
44
46
46
47
48
50
52
51
52
52
54
54
55
55
56
57
57
58
59
60
60
61
61
61
62
61
62
64
65
65
66
67
68
68
68
69
70
70
71
71
72
73
74
76
77
77
77
78
79
79
80
80
82
82
83
85
86
87
88
89
91
92
93
94
95
97
97
98
99
100
101
101
103
103
105
106
108
109
110
111
112
113
114
116
117
118
119
121
122
124
125
125
127
128
130
131
132
135
137
138
139
140
141
141
143
147
149
151
152
152
154
155
157
158
159
159
159
160
160
161
161
162
162
164
164
164
166
167
167
167
169
169
171
172
172
173
175
176
177
178
179
181
183
184
185
187
188
189
190
190
191
193
195
195
196
197
201
201
202
203
204
204
205
206
207
209
209
208
209
211
212
212
215
217
216
218
219
220
220
222
225
227
228
229
230
231
232
234
235
236
237
237
238
239
239
240
241
242
242
243
244
245
245
246
247
248
251
252
252
254
255
256
257
257
259
259
260
262
264
264
265
266
267
270
271
273
273
274
275
274
276
277
279
280
281
283
283
283
283
284
285
287
288
290
291
295
297
298
296
296
298
302
302
297
296
298
297
305
303
299
300
302
308
311
310
307
307
313
313
316
319
323
324
325
325
321
315
319
322
324
324
328
329
331
333
331
326
331
336
342
341
343
346
350
351
337
340
349
352
350
352
345
357
353
356
355
359
362
363
365
365
369
370
371
370
372
372
371
374
377
377
373
374
371
377
382
377
380
381
378
384
387
387
386
386
385
387
390
388
389
392
392
393
393
391
394
393
388
392
394
390
396
392
393
391
394
399
396
409
413
414
410
409
415
403
414
420
407
407
412
405
402
404
415
425
421
423
426
435
436
424
404
412
422
416
419
431
438
432
427
436
432
430
433
433
433
431
435
442
441
432
448
438
438
438
439
436
445
449
447
450
448
448
448
448
450
452
456
454
455
458
456
466
471
477
480
482
484
485
486
486
487
487
490
492
494
493
492
493
492
485
492
496
495
494
486
478
484
489
484
487
496
496
507
515
517
518
518
518
518
516
512
510
515
515
512
518
513
528
537
538
529
534
527
533
541
541
537
538
544
541
536
528
538
546
533
538
548
529
552
564
575
579
581
578
570
559
558
558
564
561
565
563
566
573
589
591
587
588
590
608
607
620
598
640
624
612
617
627
630
611
627
640
638
639
627
636
632
642
648
646
641
653
656
632
633
629
632
636
636
635
635
638
639
639
638
639
641
661
664
664
665
663
664
668
670
671
670
670
672
673
677
683
686
687
689
691
692
694
695
696
698
701
700
700
702
704
704
703
704
705
707
708
710
711
712
714
714
715
716
717
718
719
720
722
723
725
726
727
728
730
731
732
733
735
736
737
738
739
742
743
744
746
747
748
750
750
751
752
753
755
757
760
762
763
766
773
770
774
775
777
780
781
783
786
787
789
792
793
795
795
797
799
802
804
806
807
809
810
813
815
816
817
820
823
824
825
827
829
831
833
835
837
838
840
841
843
861
856
857
856
859
853
854
856
857
859
865
865
864
865
867
870
879
875
874
875
877
878
880
882
885
888
889
890
891
892
894
897
898
898
902
898
906
914
885
888
907
920
929
900
905
913
916
918
915
917
917
923
922
930
924
944
930
927
935
933
956
937
936
937
956
972
978
976
975
970
975
975
971
970
970
973
951
939
940
941
938
937
932
929
933
931
945
924
970
977
969
927
941
932
956
933
943
966
935
941
958
975
981
982
981
980
979
979
979
977
975
973
971
968
963
958
956
953
965
965
963
961
959
959
964
964
960
959
956
968
956
956
948
947
953
973
929
920
917
920
930
945
949
934
937
935
945
968
941
951
934
923
928
941
938
954
946
943
943
974
984
976
946
953
944
942
938
940
946
947
953
959
965
968
968
966
955
940
939
939
941
963
990
976
972
964
967
971
966
965
966
965
964
969
970
971
969
969
975
977
981
981
982
980
979
981
982
982
983
983
983
983
982
980
980
981
981
980
980
982
982
981
980
980
981
980
980
980
980
980
980
980
980
980
980
981
981
981
981
981
982
982
981
980
980
980
978
978
976
976
975
974
975
974
972
971
969
968
967
966
964
963
962
961
960
958
956
954
954
954
953
951
949
949
948
947
944
943
941
939
937
936
935
933
930
928
926
925
923
922
922
920
918
917
916
915
913
909
911
910
909
907
906
905
902
900
900
899
898
896
893
891
887
885
884
883
881
879
877
875
874
872
870
869
867
865
861
858
849
832
833
834
836
834
831
827
828
827
828
824
823
821
818
817
817
816
819
819
817
814
814
812
809
809
807
806
804
802
799
797
794
793
791
788
786
785
783
780
779
777
775
773
771
770
769
768
767
766
764
763
760
759
758
755
754
752
751
749
748
746
744
743
741
739
738
735
734
732
730
729
726
725
723
721
719
717
717
716
715
712
710
709
707
705
704
703
702
700
697
697
696
693
692
692
689
687
684
682
681
678
673
670
666
664
662
662
664
659
663
657
655
656
654
650
650
650
649
650
652
654
652
651
651
649
646
643
642
641
639
638
637
635
634
633
631
627
624
622
621
619
618
617
615
610
609
606
605
608
607
602
600
598
597
596
594
589
587
584
582
580
577
575
573
575
576
575
573
569
572
569
566
563
558
556
555
551
546
543
542
541
540
538
536
534
533
537
536
535
531
528
526
523
521
519
529
518
520
521
520
520
520
518
516
515
514
513
511
507
504
506
505
503
502
501
501
500
499
497
494
491
485
485
484
480
477
479
479
478
479
478
477
473
471
469
462
448
455
449
451
442
446
448
442
444
435
433
430
427
427
426
427
427
431
430
431
431
427
423
424
424
422
422
422
424
423
420
416
414
412
411
410
411
412
411
404
402
398
401
398
397
394
391
385
383
381
376
371
370
372
375
371
368
369
364
363
359
356
362
352
351
344
351
339
334
343
336
339
344
344
342
340
335
326
314
319
323
322
320
321
314
310
319
318
313
301
313
302
303
294
295
293
292
291
294
295
297
299
299
298
294
282
281
286
276
277
278
275
274
273
274
274
270
268
269
269
273
270
267
266
265
263
261
260
259
264
264
264
263
262
262
260
259
258
257
256
255
253
252
251
251
250
249
248
247
246
245
244
243
242
239
238
237
236
234
233
229
227
226
225
224
222
218
215
213
210
207
206
204
200
198
195
192
191
188
186
181
180
178
175
172
170
167
164
161
158
154
151
149
144
143
141
140
137
134
131
129
127
126
124
122
119
117
115
113
111
108
106
104
103
101
99
96
95
91
90
87
84
82
81
79
76
74
72
70
67
65
63
61
57
52
50
49
46
44
43
44
44
44
44
44
44
44
44
45
45
44
44
44
45
44
44
44
45
46
46
46
47
47
46
47
48
47
45
46
48
49
48
48
49
48
47
47
48
47
47
46
47
46
46
46
46
46
45
44
45
46
45
43
44
45
45
45
45
44
43
43
42
42
42
42
41
43
42
42
42
44
43
43
42
43
45
43
43
42
44
43
42
43
44
46
43
41
46
42
49
49
46
48
45
45
47
47
52
49
52
52
51
49
54
54
51
49
53
51
60
53
47
51
71
110
137
163
191
228
271
301
344
394
442
486
539
601
651
705
753
786
834
855
930
965
983
980
983
981
977
970
973
977
972
979
980
979
981
981
977
964
975
977
978
980
981
980
979
975
980
982
986
983
984
983
984
962
936
916
886
842
785
746
706
658
606
563
517
480
441
402
361
331
294
256
216
174
132
90
52
40
40
40
40
40
41
40
40
39
42
40
40
39
39
39
39
39
39
40
40
39
39
40
41
39
40
40
39
39
40
42
44
50
58
65
77
112
146
198
249
298
354
414
483
551
619
679
733
780
833
889
957
996
991
990
987
987
985
975
980
986
991
986
988
991
990
989
961
976
978
980
981
982
981
984
986
981
988
985
978
995
1001
1000
994
965
991
948
921
887
851
811
768
727
681
630
575
531
479
421
367
315
261
205
159
110
65
45
43
43
43
45
44
44
43
43
43
44
41
42
43
42
43
43
44
45
47
46
46
46
44
48
45
48
52
50
47
48
64
97
135
176
217
262
310
357
415
468
532
581
635
676
717
750
829
883
926
974
943
988
986
985
993
995
994
993
993
994
993
985
990
984
992
990
993
988
987
985
984
985
984
982
986
979
958
975
967
949
901
878
846
800
754
711
671
621
592
542
503
462
410
347
282
227
162
103
49
43
42
45
50
48
51
48
46
45
46
46
46
47
49
49
44
48
47
48
40
40
42
41
42
43
43
43
43
45
46
49
45
43
48
43
44
45
45
47
48
45
54
52
51
44
45
44
44
45
65
55
64
65
79
77
70
89
54
59
52
62
37
53
53
52
61
55
80
42
46
56
71
56
51
57
52
44
50
63
51
57
49
54
51
54
48
50
47
46
45
46
52
52
56
52
50
59
58
56
57
56
58
64
58
55
54
57
60
69
71
72
65
63
56
61
58
53
53
54
54
56
55
60
57
63
67
59
71
64
63
58
58
55
60
63
61
64
60
61
62
61
59
56
60
60
67
56
60
54
51
52
55
61
63
66
63
56
55
57
65
64
61
56
52
54
53
56
54
54
52
52
52
52
53
54
54
53
55
56
54
54
53
58
58
57
57
54
55
54
54
54
56
55
55
54
50
52
54
53
54
53
51
51
52
51
52
52
52
51
51
50
50
49
49
49
50
49
49
50
49
49
49
49
49
48
50
50
50
50
51
51
51
50
50
49
48
48
48
48
47
48
47
47
47
46
47
47
