51
51
50
51
51
51
51
52
52
51
51
51
51
50
49
49
49
49
49
49
49
50
49
49
49
49
49
49
50
50
50
50
50
51
50
51
51
52
52
52
52
53
53
53
53
54
54
54
53
54
54
53
53
53
53
53
52
53
53
52
52
52
52
52
52
52
52
52
52
52
51
51
51
51
51
51
50
50
50
50
47
48
50
50
53
47
44
48
47
48
46
47
46
45
45
46
46
46
47
46
56
43
47
63
49
47
51
53
50
49
52
51
48
47
45
47
49
48
48
44
43
46
58
51
44
55
63
48
61
54
50
50
51
48
44
43
46
43
44
42
43
42
44
43
43
41
43
43
43
43
43
42
43
43
43
44
44
46
47
46
46
43
44
44
45
45
45
45
44
45
45
45
44
44
45
45
44
44
44
44
44
44
46
45
44
44
44
44
45
47
46
43
43
44
45
45
45
44
44
44
45
44
44
45
45
44
44
45
45
45
44
44
45
44
44
44
44
44
43
44
44
44
43
44
44
44
44
44
46
45
43
43
45
44
43
44
43
43
43
42
42
43
43
43
42
43
43
43
42
43
43
42
42
42
42
42
42
44
43
42
41
42
42
42
42
42
42
42
41
42
43
43
43
43
43
42
42
42
43
43
43
44
44
43
43
45
46
45
46
45
46
46
47
50
49
46
46
46
45
45
46
46
45
45
47
50
48
49
52
50
49
50
50
51
50
46
45
45
45
45
45
46
47
46
48
47
45
45
46
45
44
45
48
49
52
54
58
60
62
63
65
65
68
71
73
75
76
79
82
86
88
89
92
94
97
99
100
103
104
106
108
112
115
117
119
122
125
126
129
130
133
134
136
137
141
143
144
145
147
147
150
153
153
154
155
157
160
161
162
166
166
168
169
170
170
175
171
177
177
182
184
185
187
190
194
197
197
196
200
203
204
204
209
211
213
217
218
221
223
226
230
231
234
237
241
243
247
249
252
254
253
249
256
258
260
263
266
266
270
271
272
269
272
271
273
276
277
277
276
285
285
282
280
286
293
293
302
303
304
303
304
298
300
299
301
301
308
313
313
308
309
311
312
315
316
318
319
320
323
324
327
332
334
337
335
333
336
342
339
338
341
347
350
350
352
354
358
358
361
363
368
370
370
369
374
372
375
375
375
375
375
379
383
385
387
386
389
389
389
389
392
393
395
396
398
398
400
400
403
404
406
406
408
410
412
412
414
416
419
419
420
423
425
426
428
429
433
433
434
435
437
438
441
441
445
446
448
448
451
451
452
454
457
457
460
460
464
465
467
467
469
471
474
474
477
477
480
480
484
485
487
487
489
490
494
493
495
496
498
497
498
500
502
503
504
504
508
509
510
511
513
514
515
515
518
517
519
519
522
521
521
520
522
521
523
525
530
529
527
525
533
536
531
533
538
543
548
544
547
549
552
553
558
558
560
558
560
562
567
564
564
566
568
568
569
569
573
573
577
574
577
577
580
580
583
584
573
569
577
574
578
585
593
595
597
597
600
601
604
605
606
603
606
601
599
596
602
602
615
619
622
623
626
628
631
631
635
636
639
640
641
641
644
645
647
646
650
650
652
652
656
658
660
660
661
660
662
661
667
667
669
669
671
673
673
675
678
680
683
682
687
687
688
687
690
690
690
689
692
696
697
691
692
693
695
696
698
700
702
701
703
706
711
710
709
710
712
715
717
717
720
719
720
716
723
723
724
721
729
732
731
731
737
738
734
734
736
737
730
741
748
747
750
748
747
748
747
747
753
758
762
764
767
768
769
767
769
769
770
766
769
769
771
768
767
769
773
774
778
780
779
778
780
784
784
786
788
789
792
789
791
786
793
793
796
796
802
801
804
802
804
806
806
807
801
794
806
811
812
812
811
815
818
818
818
818
820
822
827
824
825
826
833
834
834
834
838
838
838
839
838
840
839
833
834
836
836
833
836
835
845
842
844
833
846
845
845
847
852
854
857
854
855
855
859
862
866
865
867
871
873
871
872
873
874
872
874
874
875
876
877
877
880
879
880
879
883
883
884
885
888
889
890
889
893
894
896
896
899
899
900
899
902
901
904
902
906
906
908
906
910
911
913
911
914
915
918
917
920
922
924
924
926
927
928
927
931
933
937
936
938
940
944
943
946
948
953
953
956
958
961
962
963
965
966
962
965
967
968
971
983
983
985
989
989
996
997
996
992
994
992
989
984
971
930
973
972
952
971
992
997
996
993
993
989
977
957
950
948
963
952
952
945
937
948
942
959
980
988
989
992
989
992
992
992
991
990
987
988
985
984
987
989
987
989
989
988
990
990
987
985
986
985
986
987
988
989
988
988
988
987
986
985
985
985
985
984
984
985
984
984
984
985
984
984
984
984
983
983
983
984
984
983
983
984
984
983
983
984
983
983
982
983
983
982
981
981
981
981
981
982
982
982
978
978
978
978
975
975
977
978
976
975
980
979
979
980
983
986
988
989
990
992
991
990
990
990
990
989
989
990
990
990
990
991
991
990
990
991
991
991
990
991
991
991
991
991
992
992
991
992
992
992
992
993
993
994
993
993
994
994
993
993
994
995
994
994
994
994
994
994
994
994
994
994
994
994
993
992
992
994
993
994
994
996
996
990
988
975
965
968
965
962
962
963
966
967
967
969
966
964
985
987
986
985
985
984
982
980
973
976
967
967
970
987
983
991
994
995
994
993
989
993
992
981
980
975
965
974
969
965
957
960
964
968
976
984
973
979
975
970
971
976
978
983
977
977
979
978
984
984
975
973
983
984
989
990
988
990
990
989
985
989
985
982
971
965
976
990
986
989
985
988
984
984
984
987
984
983
982
982
979
979
980
983
983
984
984
988
988
988
985
986
983
982
980
979
977
977
973
974
971
968
966
967
964
963
961
961
960
958
954
954
954
954
949
949
947
947
943
941
939
939
937
936
934
933
930
928
926
926
922
920
918
919
914
913
910
912
909
906
902
902
900
899
896
896
893
892
889
888
886
885
880
880
878
875
871
871
870
870
864
862
860
859
854
852
849
848
844
842
838
839
834
832
830
829
824
821
818
817
812
811
806
806
801
799
796
795
791
789
785
787
784
782
779
780
777
776
772
773
770
769
765
765
762
761
757
756
750
749
744
745
742
740
736
735
732
731
728
726
723
723
717
717
715
715
711
709
707
707
703
703
699
700
695
694
689
689
685
685
681
682
677
677
674
673
669
669
664
664
660
659
656
656
652
651
646
646
642
641
634
634
631
629
624
623
621
618
615
614
612
612
606
603
599
594
591
588
591
594
591
591
589
589
585
583
580
581
578
577
575
577
573
572
569
570
567
567
562
559
555
554
552
553
551
551
545
543
539
539
536
537
534
533
530
530
528
527
524
524
523
523
520
521
517
515
512
512
510
509
506
506
506
507
505
504
501
500
497
496
494
495
494
492
487
488
484
483
479
478
476
474
470
470
468
468
464
464
460
458
455
455
452
452
448
448
447
445
441
440
438
437
434
434
432
432
428
426
425
423
421
419
417
416
414
412
410
410
408
407
404
404
401
400
398
398
395
394
391
390
388
386
384
381
377
376
374
373
371
370
367
365
364
363
359
357
356
352
349
348
346
344
340
337
335
333
327
325
322
319
312
309
307
308
305
300
299
297
292
291
291
291
286
284
281
278
274
272
269
267
265
264
262
260
257
255
253
251
249
248
245
244
242
240
237
235
231
229
226
225
222
219
216
216
213
210
208
206
202
199
196
194
192
190
186
184
182
180
177
175
173
171
167
165
164
162
159
156
154
153
149
145
145
143
141
138
135
133
131
128
126
123
119
116
112
107
104
100
96
91
87
83
80
76
73
68
63
61
57
51
48
45
44
44
44
44
44
43
43
43
43
43
43
43
44
43
43
42
43
43
43
42
43
43
43
43
43
43
43
43
43
43
43
43
43
43
43
43
43
43
43
43
43
43
43
43
43
43
43
43
43
43
43
43
42
43
43
43
43
43
43
43
43
43
43
43
43
43
44
44
43
44
44
44
44
44
44
44
44
44
44
44
44
43
44
44
43
43
43
44
44
43
42
42
43
42
43
43
43
43
42
41
44
43
42
43
43
41
41
41
42
41
42
43
43
43
43
43
43
42
43
41
42
43
41
41
43
42
42
41
42
41
42
41
43
43
42
43
42
43
43
43
41
41
41
43
41
43
43
42
43
43
43
43
43
43
43
43
43
43
44
43
43
44
44
44
44
44
45
44
44
44
45
45
44
44
44
44
44
44
44
44
44
44
44
44
44
44
44
44
44
44
44
44
44
44
43
44
44
44
44
44
44
44
43
44
44
43
43
44
44
44
44
44
44
44
43
43
44
44
43
43
44
44
43
43
43
44
43
43
43
43
43
43
44
43
43
43
43
43
43
43
43
44
43
43
43
43
43
43
43
43
43
43
43
43
43
43
43
43
43
44
44
45
46
47
48
50
53
56
57
58
60
62
64
64
65
66
68
70
73
74
75
76
79
81
81
82
83
85
86
87
88
90
92
94
96
98
100
102
102
103
105
105
106
108
110
112
113
114
116
117
119
121
122
124
126
127
128
130
130
131
134
135
137
140
142
143
144
147
150
151
152
154
157
158
159
161
162
164
163
163
166
168
169
170
172
172
172
174
176
176
178
179
179
181
182
183
183
185
185
185
187
189
189
189
191
192
193
197
199
202
201
204
205
206
206
209
209
210
212
214
216
218
219
222
222
222
223
227
229
231
231
233
234
235
236
239
240
241
242
244
246
248
248
248
249
251
254
257
258
265
266
268
270
272
273
273
275
277
278
278
280
282
284
286
288
289
285
288
288
292
294
301
303
307
308
310
311
314
315
318
319
322
323
324
325
327
329
331
332
334
335
337
338
341
343
345
345
347
348
350
351
354
355
356
357
359
360
363
364
365
365
367
368
370
371
374
374
375
376
380
381
376
379
381
384
390
390
394
396
393
394
398
399
388
398
396
395
401
409
415
418
419
419
421
419
420
424
426
426
428
431
423
432
436
438
441
439
441
440
442
443
448
449
450
449
456
456
459
459
461
462
464
464
465
466
470
471
475
476
476
477
480
483
486
487
489
490
491
491
495
495
496
496
498
499
500
499
502
505
508
509
511
512
515
515
517
517
519
520
522
523
528
530
531
532
535
535
537
537
540
541
544
543
546
546
548
549
552
552
554
555
558
560
562
562
565
566
568
567
571
572
575
574
577
578
581
581
584
585
588
588
591
591
595
594
597
598
601
602
604
605
609
609
611
613
616
617
619
620
625
627
629
629
633
635
638
637
642
644
648
649
652
654
656
658
662
665
668
666
669
672
675
675
677
679
684
683
686
685
690
691
693
694
697
699
701
702
705
707
709
710
716
715
717
718
722
723
724
725
731
731
735
734
736
737
740
741
744
745
747
748
751
752
754
755
758
761
762
761
765
768
770
769
771
773
776
776
779
780
785
786
788
790
793
794
796
798
802
803
806
807
812
813
814
816
819
820
823
824
828
831
832
834
836
837
838
838
841
846
847
849
850
855
861
863
866
869
874
874
876
876
882
883
885
890
893
894
895
896
902
902
902
905
904
896
912
915
916
914
916
920
924
924
925
929
934
935
937
925
927
935
936
935
941
955
958
947
955
955
962
965
971
978
977
977
978
983
984
978
982
983
992
986
983
982
983
985
987
990
994
992
992
994
996
994
995
993
996
993
995
994
997
995
994
994
996
995
995
993
994
993
991
990
991
992
992
992
991
992
991
988
990
991
991
989
988
989
989
988
989
991
991
991
990
990
990
989
984
982
985
985
985
985
987
986
987
988
989
989
987
987
988
987
984
983
984
986
985
986
991
991
992
990
988
988
985
985
984
985
987
980
986
983
986
988
990
984
981
986
986
987
988
989
989
990
983
979
980
981
981
980
979
980
980
980
978
978
978
978
978
978
979
979
978
980
979
977
979
982
984
984
984
984
985
986
986
985
985
986
986
985
985
986
986
986
984
984
987
987
987
988
987
986
986
987
988
987
987
988
988
989
987
989
994
995
993
992
990
987
969
965
970
966
955
915
963
947
927
928
936
947
953
953
958
955
959
952
967
954
961
967
956
951
944
954
965
963
964
963
969
961
951
926
932
948
949
929
955
944
965
973
934
948
943
938
973
980
969
972
979
962
960
946
956
961
959
955
947
954
966
964
941
957
953
953
945
952
955
950
952
946
941
938
941
937
942
944
942
937
935
930
926
922
922
921
919
917
916
915
915
913
911
909
908
906
903
902
902
898
894
890
889
886
884
881
881
878
876
871
872
870
867
863
863
860
858
855
856
854
852
847
847
847
845
842
840
838
836
833
833
833
831
828
826
819
810
810
811
808
796
816
818
817
818
815
813
810
807
802
798
794
795
792
791
790
790
785
783
778
777
774
776
771
768
764
762
759
758
756
756
754
754
752
751
749
748
748
748
743
742
737
736
734
736
735
734
727
730
730
730
727
726
724
723
721
721
721
721
719
717
716
717
715
713
710
712
711
711
709
710
706
705
704
705
701
698
695
696
693
691
688
689
687
685
680
681
681
681
679
679
678
678
675
676
674
672
667
667
664
661
656
654
651
649
645
642
637
635
630
629
627
628
627
624
623
622
615
611
607
609
606
599
593
590
590
587
583
591
592
586
582
575
569
569
564
564
569
567
558
557
560
563
556
554
552
552
550
551
556
558
547
551
552
549
546
547
545
545
542
541
536
536
529
529
529
527
523
519
519
527
525
523
520
522
520
517
514
512
512
513
510
510
508
506
503
503
502
500
498
497
495
494
489
488
486
483
480
478
475
473
469
468
467
466
463
460
458
456
452
450
447
448
442
440
437
432
433
433
432
430
425
421
415
418
418
414
411
405
395
395
382
384
383
377
385
382
380
371
374
373
375
380
380
379
377
374
373
372
371
370
367
367
365
364
361
359
358
357
356
353
351
351
349
347
346
345
342
341
338
337
335
334
331
330
328
326
325
326
323
322
319
319
316
315
314
313
311
309
308
307
305
303
301
300
299
297
294
294
293
293
290
288
287
285
283
281
281
279
276
275
273
273
271
269
267
266
264
263
261
260
257
255
255
254
252
250
249
247
245
243
242
240
239
237
233
231
229
227
225
222
219
217
216
214
211
210
207
204
202
200
197
195
195
193
191
190
186
184
182
180
178
175
173
170
167
166
164
162
159
155
153
151
147
146
144
143
140
136
134
132
129
127
125
122
119
117
114
110
108
106
103
101
98
95
92
90
86
85
83
82
80
77
76
73
71
68
66
65
64
62
61
60
58
57
57
54
52
50
48
47
46
45
45
44
44
43
44
44
43
44
44
44
44
43
44
44
43
43
44
44
43
43
43
43
44
43
44
44
44
43
43
43
44
43
44
44
44
44
44
44
44
44
43
44
44
44
43
43
44
43
43
43
43
43
43
43
44
44
44
43
44
45
44
44
44
44
44
44
44
44
44
44
44
44
44
44
44
44
44
44
44
44
45
44
44
44
44
44
43
44
44
43
43
44
44
43
43
44
44
44
44
43
44
44
43
42
42
42
43
44
45
44
43
43
45
46
44
45
45
45
47
53
57
53
61
65
58
49
48
46
46
45
43
44
43
42
42
42
42
43
42
42
44
44
44
43
43
43
43
43
42
42
42
41
42
42
43
43
43
42
43
43
43
43
43
43
43
42
43
43
43
43
43
43
43
43
43
43
43
42
42
42
41
42
42
42
43
42
42
42
49
65
80
99
122
141
166
192
219
254
288
327
360
396
430
466
500
554
608
659
707
749
804
869
928
992
970
1000
996
994
994
997
997
997
998
998
997
997
998
998
998
998
999
999
998
997
994
994
993
990
990
990
991
991
986
989
986
976
956
931
923
896
883
851
829
802
774
742
719
696
665
637
604
565
521
477
431
386
343
300
255
213
174
137
103
69
42
42
41
42
42
42
42
42
42
43
43
42
42
42
42
41
41
41
40
42
41
42
43
42
41
41
41
41
42
42
42
42
54
78
106
139
174
216
259
306
351
395
438
485
536
587
639
681
742
803
879
905
970
982
972
977
979
978
985
974
986
978
990
971
977
970
969
962
979
973
979
962
974
984
976
956
968
982
976
958
936
930
896
875
834
809
781
738
732
688
666
632
587
536
496
455
414
373
325
276
228
180
136
92
51
43
43
43
43
43
43
43
43
43
43
41
41
43
43
42
42
42
42
41
43
41
41
41
43
43
42
41
42
42
42
43
43
60
85
116
147
183
229
279
327
373
414
457
484
528
579
635
717
764
813
873
911
940
946
982
986
986
983
986
989
991
994
996
997
999
999
999
999
999
999
998
998
998
997
996
991
989
992
992
993
996
992
994
991
974
953
926
899
877
848
818
786
757
729
693
664
629
589
538
488
442
399
358
306
260
202
148
93
43
42
41
41
41
41
41
41
42
41
41
41
41
41
41
41
41
41
41
41
41
41
42
42
41
40
42
42
42
42
42
42
40
41
42
41
41
41
42
42
42
42
42
42
42
42
42
43
43
42
42
42
42
42
42
42
41
42
43
43
42
42
42
45
48
47
48
47
51
53
60
69
59
61
61
65
65
58
55
54
62
66
66
69
59
72
58
69
60
58
55
62
62
56
57
62
65
54
55
65
58
67
67
65
59
64
71
57
51
52
55
69
67
74
69
56
55
55
48
45
46
46
46
47
46
47
47
46
46
45
45
45
45
46
47
45
45
45
45
45
46
48
48
48
48
48
47
46
45
45
45
45
44
44
44
44
44
44
44
44
44
44
44
44
44
43
44
44
43
43
43
44
43
43
43
43
43
43
43
43
44
44
44
44
48
50
53
55
58
54
56
46
59
58
58
60
59
55
52
54
52
55
56
55
53
53
51
51
52
53
51
52
52
52
51
51
51
51
51
51
51
52
51
51
51
52
52
53
53
53
55
50
54
55
57
57
56
59
56
59
60
58
59
61
60
60
59
59
57
56
59
59
57
55
55
56
57
59
61
60
61
61
61
61
60
60
59
