0
3
8
11
15
21
22
23
33
39
37
47
44
57
49
68
59
74
66
77
88
77
87
98
100
96
105
109
116
120
120
127
131
134
137
137
142
149
148
158
161
159
165
175
178
179
182
192
194
199
191
206
206
206
213
223
221
231
232
234
241
239
237
247
252
252
264
271
267
276
268
277
283
282
293
299
302
300
298
303
316
304
317
318
326
322
321
330
326
335
336
338
349
336
338
347
347
351
358
348
348
358
354
365
362
367
363
363
368
365
373
374
379
370
375
372
383
386
380
376
384
384
383
391
389
390
380
387
396
395
398
392
393
393
403
393
408
399
390
403
404
402
403
406
399
401
403
414
404
405
400
402
416
412
412
406
414
401
418
412
419
404
414
410
415
418
422
401
413
415
420
415
413
410
410
424
421
421
412
422
410
423
425
421
413
423
417
421
424
423
413
417
423
430
416
420
417
418
428
427
419
418
422
427
419
431
423
417
420
430
430
427
410
426
424
429
426
423
415
419
433
427
427
419
429
415
429
433
427
418
428
425
426
427
427
420
425
426
431
419
422
424
426
429
432
421
427
420
435
422
432
417
428
422
430
431
434
412
426
427
435
421
427
423
421
433
431
425
421
428
431
422
436
427
418
422
436
432
430
411
430
428
433
428
427
421
422
434
431
429
422
430
423
427
440
426
417
429
430
430
429
417
430
425
431
432
423
420
424
435
429
430
423
430
418
436
434
430
420
430
427
428
430
428
424
426
430
434
421
423
425
427
430
435
422
428
422
437
426
433
420
430
425
431
432
434
417
424
428
436
422
426
427
423
435
437
424
423
426
436
424
438
424
427
422
434
435
434
414
430
430
434
426
428
421
425
436
434
427
422
431
431
423
439
427
422
422
435
434
432
415
433
429
432
430
427
420
425
436
433
428
423
434
425
428
441
428
420
427
436
433
432
417
431
428
432
432
426
419
425
437
432
432
423
434
420
433
437
431
420
433
432
431
431
425
430
426
430
435
424
421
426
436
432
432
425
431
420
435
431
431
422
428
426
430
431
429
425
428
430
435
423
423
427
429
430
434
422
428
422
436
426
435
420
432
426
432
433
435
420
424
431
436
422
425
427
423
434
435
424
423
426
437
423
436
422
427
419
433
433
434
412
429
430
433
425
428
422
422
434
431
425
423
428
429
423
438
426
420
424
434
432
431
415
429
428
431
430
426
418
422
434
430
430
422
431
420
429
435
429
416
430
431
431
432
421
430
427
430
433
425
421
422
434
430
431
423
429
421
437
431
430
422
431
426
430
432
429
422
427
430
436
423
425
426
431
431
434
423
428
422
437
429
434
422
430
426
431
434
436
418
426
432
437
423
427
426
423
435
434
426
425
425
439
425
437
422
428
421
434
435
435
415
427
430
437
424
429
424
423
437
436
425
425
428
435
426
439
424
428
421
436
434
435
413
430
431
434
427
428
423
426
437
432
427
424
432
430
425
440
429
422
424
438
434
432
415
433
429
433
430
430
420
424
437
433
429
424
434
426
427
440
429
420
426
435
433
431
419
431
427
433
435
427
420
423
437
431
430
422
432
419
431
437
429
418
432
432
430
429
425
429
426
430
435
423
422
423
435
431
433
426
431
418
438
432
432
420
429
426
431
431
431
422
428
430
436
424
423
426
429
430
436
424
431
422
438
428
434
420
433
428
430
432
436
421
426
433
436
424
428
429
426
435
435
428
427
424
438
426
437
421
433
425
434
435
437
416
429
433
439
424
429
429
426
436
436
427
425
428
438
424
437
424
429
423
438
433
432
408
423
421
425
417
417
409
410
420
414
413
403
411
397
412
407
407
393
400
393
400
403
401
380
392
393
392
393
381
384
384
378
388
382
381
373
376
370
383
369
380
369
359
371
362
367
368
373
348
354
361
358
357
358
355
345
346
349
355
346
348
341
341
342
335
341
339
345
334
324
331
328
331
335
326
329
318
319
322
322
323
324
314
307
313
314
306
317
311
313
308
301
305
297
306
302
297
308
299
284
293
297
290
288
296
295
290
278
283
286
280
285
282
284
276
269
274
274
268
273
276
271
268
268
264
257
268
256
261
260
257
267
253
258
253
247
248
254
249
251
248
247
250
240
233
243
239
232
240
241
240
232
221
238
227
223
224
228
230
223
229
223
221
219
215
215
216
212
216
215
212
210
217
207
213
202
195
209
200
198
205
200
201
199
198
198
190
187
190
191
186
189
184
188
187
188
182
186
172
184
175
178
166
180
171
170
175
175
168
171
168
168
161
164
162
156
162
162
152
153
160
158
155
149
153
159
150
148
151
144
140
144
147
139
141
137
140
140
137
138
134
136
134
132
134
126
130
124
122
124
123
125
118
121
120
117
120
119
118
115
119
111
111
116
108
109
106
105
104
109
102
102
104
97
96
99
100
97
97
97
93
95
92
95
86
92
90
84
84
89
82
74
85
85
66
84
79
67
85
68
72
75
64
73
68
67
71
64
68
65
63
64
62
62
57
60
58
58
62
56
57
58
53
50
53
51
52
48
48
46
48
39
46
39
44
41
38
42
39
35
42
37
33
36
31
34
26
30
30
31
24
27
23
26
22
20
22
22
22
19
18
16
15
12
10
11
9
8
7
5
5
4
4
3
2
0
1
0
1
1
0
1
0
0
0
0
0
0
0
0
0
0
0
0
0
0
0
0
0
0
0
0
0
0
0
0
0
0
0
0
0
0
0
0
0
0
0
0
0
0
0
0
0
0
0
0
0
0
0
0
0
0
0
0
0
0
0
0
0
0
0
0
0
0
0
0
0
0
0
0
0
0
0
0
0
0
0
0
0
0
0
0
0
0
0
0
0
0
0
0
0
0
0
0
0
0
0
0
0
0
0
0
0
0
0
0
0
0
0
0
0
0
0
0
0
0
0
0
0
0
0
0
0
0
0
0
0
0
0
0
0
0
0
0
0
0
0
0
0
0
0
0
0
0
0
0
0
0
0
0
0
0
0
0
0
0
0
0
0
0
0
0
0
0
0
0
0
0
0
0
0
0
0
0
0
0
0
0
0
0
0
0
0
0
0
0
0
0
0
0
0
0
0
0
0
0
0
0
0
0
0
0
0
0
0
0
0
0
0
0
0
0
0
0
0
0
0
0
0
0
0
0
0
0
0
0
0
0
0
0
0
0
0
0
0
0
0
0
0
0
0
0
0
0
0
0
0
0
0
0
0
0
0
0
0
0
0
0
0
0
0
0
0
0
0
0
0
0
0
0
0
0
0
0
0
0
0
0
0
0
0
0
0
0
0
0
0
0
0
0
0
0
0
0
0
0
0
0
0
0
0
0
0
0
0
0
0
0
0
0
0
0
0
0
0
0
0
0
0
0
0
0
0
0
0
0
0
0
0
0
0
0
0
0
0
0
0
0
0
0
0
0
0
0
0
0
0
0
0
0
0
0
0
0
0
0
0
0
0
0
0
0
0
0
0
0
0
0
0
0
0
0
0
0
0
0
0
0
0
0
0
0
0
0
0
0
0
0
0
0
0
0
0
0
0
0
0
0
0
0
0
0
0
0
0
0
0
0
0
0
0
0
0
0
0
0
0
0
0
0
0
0
0
0
0
0
0
0
0
0
0
0
0
0
0
0
0
0
0
0
0
0
0
0
0
0
0
0
0
0
0
0
0
0
0
0
0
0
0
0
0
0
0
0
0
0
0
0
0
0
0
0
0
0
0
0
0
0
0
0
0
0
0
0
0
0
0
0
0
0
0
0
0
0
0
0
0
0
0
0
0
0
0
0
0
0
0
0
0
0
0
0
0
0
0
0
0
0
0
0
0
0
0
0
0
0
0
0
0
0
0
0
0
0
0
0
0
0
0
0
0
0
0
0
0
0
0
0
0
0
0
0
0
0
0
0
0
0
0
0
0
0
0
0
0
0
0
0
0
0
0
0
0
0
0
0
0
0
0
0
0
0
0
0
0
