0
3
6
7
9
11
12
14
16
17
22
23
25
26
32
33
35
35
40
41
41
48
45
50
49
53
56
59
62
62
70
70
62
74
75
77
76
77
78
79
88
87
84
93
102
92
93
96
106
105
105
108
112
114
115
117
120
122
123
124
129
125
128
130
133
139
137
138
144
146
146
152
155
152
158
156
158
156
165
167
161
167
173
171
179
181
179
185
186
186
184
188
188
194
195
193
199
202
203
206
216
207
217
213
203
222
219
216
223
230
230
227
237
229
230
235
236
240
245
245
251
245
254
252
248
253
256
262
268
265
269
272
264
270
280
268
280
280
282
294
287
275
290
298
289
292
304
306
302
294
302
310
304
316
321
309
316
319
314
318
330
328
334
331
329
334
328
346
336
348
344
340
348
344
357
355
355
361
352
358
357
369
373
360
370
370
368
381
379
385
379
381
385
391
385
400
397
385
397
398
400
404
414
394
404
410
415
410
418
408
413
429
425
424
422
430
422
432
445
436
426
438
449
445
444
438
452
446
459
451
459
449
455
471
472
460
466
460
476
486
467
474
474
487
487
480
479
484
499
489
490
484
496
506
503
499
498
511
505
509
510
506
523
523
514
515
517
534
517
523
523
539
538
525
538
539
535
549
542
536
553
558
540
551
554
565
553
551
564
568
560
570
561
569
588
565
566
585
587
570
578
596
576
588
580
599
593
591
587
607
620
583
595
622
615
591
607
631
602
610
618
628
613
628
622
628
620
641
627
631
625
644
643
624
645
647
651
640
651
655
653
639
664
670
653
646
670
675
656
653
682
678
668
666
683
685
683
679
685
679
688
695
681
683
707
696
693
692
704
690
711
713
699
704
714
712
712
716
719
711
719
733
725
724
730
730
726
736
739
728
737
741
732
743
756
741
748
753
742
751
760
746
756
771
756
759
765
776
751
769
784
754
773
783
760
775
782
778
779
792
761
797
799
763
788
803
774
783
806
784
788
806
776
812
813
775
804
815
783
800
813
801
803
817
790
815
830
789
813
822
802
823
804
816
826
823
807
826
814
828
823
801
821
847
808
816
843
806
840
841
804
834
846
810
835
832
833
838
836
819
842
829
841
839
815
839
861
821
839
852
821
848
857
820
841
848
836
855
829
839
862
829
857
856
817
857
860
828
849
847
847
856
846
840
862
828
862
861
823
856
865
850
852
857
840
864
848
856
863
829
859
876
845
852
867
841
867
860
855
860
836
862
878
846
858
871
844
867
865
856
863
843
865
881
844
858
875
847
866
872
854
865
851
867
881
848
863
875
849
868
873
858
867
848
868
885
851
864
880
853
870
874
859
872
850
872
888
855
863
881
854
876
869
865
873
845
875
887
862
864
879
857
880
862
872
876
841
875
885
864
868
878
857
881
858
881
883
843
876
885
866
875
871
865
885
851
888
882
849
873
880
869
881
863
877
883
843
889
887
854
880
872
872
890
851
889
894
845
882
889
859
889
860
876
896
854
884
893
854
877
880
868
894
855
874
892
861
877
887
867
877
864
881
894
861
873
891
861
887
876
878
881
852
883
892
865
878
884
865
886
860
894
886
853
883
885
874
884
873
884
887
850
891
892
855
884
874
877
892
855
892
895
849
878
894
865
890
856
880
898
859
883
896
860
879
873
879
892
860
877
894
864
882
886
868
887
855
888
893
869
873
888
865
889
865
890
886
853
882
888
871
882
877
879
892
850
895
889
856
885
879
879
889
858
893
893
852
881
893
863
896
858
882
897
860
887
900
861
880
877
878
898
862
878
897
866
886
886
873
881
861
889
896
870
878
891
868
890
865
894
892
854
885
891
876
882
874
886
890
852
897
894
858
887
876
880
899
853
893
896
853
886
891
868
894
859
883
900
863
879
897
867
882
869
889
896
867
880
896
864
886
881
884
890
855
892
895
872
883
888
869
892
859
897
892
855
884
883
879
889
864
892
894
849
889
895
861
893
865
882
899
856
888
901
859
886
877
873
897
862
879
896
866
882
890
869
884
861
886
897
866
876
892
866
886
871
889
888
851
885
894
871
884
881
877
887
859
894
890
859
886
877
880
892
860
894
897
852
884
894
861
893
862
883
902
858
886
901
861
881
878
877
896
859
877
896
866
880
889
873
881
859
886
900
868
877
892
866
890
871
891
887
852
885
890
876
883
878
880
888
852
897
893
857
885
878
880
891
856
892
899
851
884
896
866
899
860
883
904
862
879
898
867
881
873
881
894
865
880
898
863
889
887
877
886
855
889
895
871
880
891
871
894
862
897
891
856
884
889
879
886
869
889
894
851
894
895
859
891
871
883
901
854
891
906
859
884
888
871
897
862
882
898
864
886
893
872
888
864
890
899
871
880
894
867
894
872
893
888
855
887
895
878
884
877
886
893
857
896
898
857
892
878
880
896
858
896
901
854
887
892
867
897
864
886
900
865
882
898
869
884
869
890
898
868
877
900
868
890
878
887
890
855
889
896
875
882
884
885
892
859
901
895
857
889
883
881
896
860
894
900
855
890
895
864
899
862
886
905
868
887
899
871
889
869
889
898
868
882
899
869
893
881
887
892
857
890
898
875
890
885
879
893
861
905
895
857
890
884
882
901
860
901
900
856
891
897
868
900
861
887
902
866
886
900
868
888
870
888
903
869
883
900
868
892
877
890
889
858
894
894
878
886
883
884
893
861
898
898
862
893
879
884
899
859
894
901
858
886
892
872
897
867
884
903
867
886
898
872
889
866
890
903
871
883
899
869
891
872
900
889
857
889
898
878
885
883
892
895
855
899
900
861
894
879
887
899
862
895
906
861
884
893
874
900
865
886
901
866
890
894
877
889
865
894
900
871
887
898
874
898
869
903
893
862
890
892
882
892
871
901
900
856
895
901
867
900
870
888
904
866
888
905
870
891
883
888
900
870
885
905
871
895
886
890
894
862
895
901
877
889
888
887
897
861
903
903
863
896
884
889
901
863
898
911
861
893
893
880
899
871
890
909
869
892
897
882
890
864
902
902
875
888
896
876
891
862
901
891
853
885
881
875
888
854
890
889
841
881
886
850
883
851
870
886
839
875
884
836
865
871
847
873
836
860
878
829
865
873
824
857
864
835
861
829
848
866
823
856
859
812
853
858
817
845
835
837
846
830
825
845
818
842
839
803
829
851
814
824
838
806
834
841
800
821
828
810
830
800
817
830
812
808
823
797
822
818
785
809
832
788
800
823
783
819
816
771
806
816
777
794
810
788
793
807
771
805
809
766
793
806
770
786
798
777
783
798
761
796
796
754
781
793
758
769
797
762
772
787
756
784
779
748
772
784
746
762
786
752
762
773
767
752
764
766
754
758
762
746
759
754
749
751
763
732
764
760
728
750
761
727
742
761
735
741
745
747
725
742
756
721
736
748
723
725
753
725
729
736
738
717
730
743
712
724
737
711
715
739
717
719
722
724
706
721
733
702
713
732
698
706
728
707
708
706
718
697
715
712
697
701
708
706
696
698
705
691
701
708
698
686
696
708
682
689
705
676
685
705
687
681
683
695
689
681
683
686
676
683
686
670
668
694
677
673
669
683
675
675
669
671
665
671
676
657
657
682
666
657
658
673
672
649
656
670
653
658
661
647
659
656
657
645
658
664
649
633
658
664
637
634
656
657
633
631
656
647
631
634
650
652
621
633
652
637
622
631
648
624
619
638
635
625
618
637
642
610
621
637
626
610
619
636
615
603
630
623
607
613
626
622
594
610
630
612
594
613
625
590
609
606
614
599
607
597
607
612
595
593
605
606
585
593
607
590
586
600
598
585
595
588
589
595
589
581
591
593
575
581
597
577
577
584
590
578
581
568
583
595
561
567
586
582
555
573
580
567
569
556
578
572
560
566
572
564
558
571
557
566
565
552
557
571
547
559
548
564
556
549
551
562
550
546
554
545
554
551
539
547
556
540
543
533
552
543
536
546
533
540
555
525
529
551
538
530
531
532
544
522
529
528
539
533
521
530
533
523
530
527
514
534
527
517
516
517
531
511
518
514
525
519
507
517
509
513
531
499
507
516
515
509
498
509
514
507
500
497
504
510
504
496
498
506
496
504
497
492
503
500
496
481
496
502
493
487
483
488
499
494
481
487
485
485
499
473
484
483
488
484
473
482
479
487
472
478
469
482
479
475
475
469
477
468
483
464
466
470
472
472
459
468
460
473
460
465
453
460
467
466
455
458
451
463
468
451
444
458
462
454
454
441
454
451
455
440
453
441
446
453
450
443
444
435
453
449
441
430
443
444
440
439
434
435
430
444
436
430
423
430
440
430
428
427
433
423
429
438
428
413
426
432
424
424
418
419
418
425
425
413
413
412
422
419
420
414
411
407
423
409
420
406
406
404
418
412
408
396
406
403
408
410
396
398
399
399
405
404
399
391
401
392
398
401
398
385
393
390
394
397
397
376
391
390
390
392
381
385
385
380
390
385
386
376
381
373
392
376
386
378
367
381
378
374
375
385
359
370
376
375
374
363
370
365
361
372
368
371
363
360
366
361
363
363
372
354
356
358
365
357
356
367
346
350
357
357
359
349
355
348
342
349
359
350
348
343
346
346
346
342
345
352
339
337
341
344
338
341
351
329
329
341
334
338
343
327
330
330
330
326
336
333
329
324
328
329
320
328
326
335
322
315
322
318
328
321
319
328
311
309
321
314
318
324
308
315
312
304
309
319
313
314
309
301
309
311
301
310
307
312
303
301
303
303
294
304
309
301
301
296
293
298
295
300
301
291
301
287
286
295
290
297
289
296
291
283
282
293
284
286
286
290
292
288
274
278
280
292
276
282
287
283
268
274
280
274
277
276
282
271
269
274
267
267
274
277
269
272
274
261
264
275
258
265
269
263
272
261
263
261
258
256
268
256
262
261
262
254
253
252
252
255
258
252
259
251
242
255
248
244
245
253
253
248
249
250
241
243
248
238
242
247
242
241
249
240
233
242
237
232
238
241
241
235
236
242
225
229
236
229
227
234
231
234
226
234
222
221
229
225
217
228
232
224
227
221
221
219
216
227
216
215
224
216
215
221
223
217
206
212
217
212
209
219
208
213
214
210
215
206
206
202
205
209
201
207
206
209
201
209
193
203
197
199
202
194
198
204
199
201
195
198
193
196
189
199
191
188
193
193
191
190
191
197
189
187
190
179
188
184
186
187
182
187
184
187
181
184
180
176
174
181
178
177
173
180
177
179
180
170
173
172
171
167
175
171
160
174
171
171
170
168
171
169
167
161
163
164
164
163
159
163
162
161
161
160
161
162
162
157
161
154
147
155
161
152
150
157
152
152
156
151
153
151
154
151
147
143
145
146
143
149
148
139
144
147
144
143
148
137
144
138
142
133
142
139
132
139
135
135
134
136
136
137
135
136
130
134
135
128
130
125
129
126
130
130
124
126
123
129
127
124
124
123
123
126
124
119
131
120
113
122
116
113
123
117
114
116
115
114
117
113
114
116
114
111
116
109
110
116
107
102
109
108
100
106
103
108
106
102
104
102
105
102
101
105
103
104
99
100
99
98
94
101
95
94
93
101
97
87
90
96
93
94
86
88
95
94
90
87
91
90
89
84
94
83
84
89
86
76
83
89
80
72
92
78
73
91
75
72
85
73
72
80
78
71
82
74
72
76
72
71
75
70
72
74
76
73
64
73
72
68
68
65
63
70
63
62
66
60
70
56
70
57
65
58
63
54
63
58
59
59
58
56
57
56
56
55
58
52
55
54
53
53
55
47
54
49
51
52
47
51
46
52
45
42
49
43
46
37
49
45
32
48
42
36
47
39
38
39
39
39
36
39
38
37
38
34
36
35
34
34
32
33
29
35
33
29
32
30
30
30
28
30
29
29
27
27
27
27
24
27
26
26
27
27
24
24
23
22
22
22
23
22
20
18
22
22
16
15
18
17
16
16
17
16
12
16
16
14
13
14
14
15
8
12
12
11
12
9
11
11
10
11
7
9
10
10
9
10
9
7
7
5
6
4
3
3
2
0
0
1
1
2
3
3
3
4
3
4
3
4
4
4
5
3
4
3
2
3
2
2
1
1
0
0
0
1
1
1
1
1
0
1
1
1
0
1
0
1
0
0
0
0
0
0
0
0
0
0
0
0
0
0
0
0
0
0
0
0
0
0
0
0
0
0
0
0
0
0
0
0
0
0
0
0
0
0
0
0
0
0
0
0
0
0
0
0
0
0
0
0
0
0
0
0
0
0
0
0
0
0
0
0
0
0
0
0
0
0
0
0
0
0
0
0
0
0
0
0
0
0
0
0
0
0
0
0
0
0
0
0
0
0
0
0
0
0
0
0
0
0
0
0
0
0
0
0
0
0
0
0
0
0
0
0
0
0
0
0
0
0
0
0
0
0
0
0
0
0
0
0
0
0
0
0
0
0
0
0
0
0
0
0
0
0
0
0
0
0
0
0
0
0
0
0
0
0
0
0
0
0
0
0
0
0
0
