0
0
0
0
0
0
0
0
0
0
0
0
0
0
0
0
0
0
0
0
0
0
0
0
0
0
0
0
0
0
0
0
0
0
0
0
0
0
0
0
0
0
0
0
0
0
0
0
0
0
0
0
0
0
0
0
0
0
0
0
0
0
0
0
0
0
0
0
0
0
0
0
0
0
0
0
0
0
0
0
0
0
0
0
0
0
0
0
0
0
0
0
0
0
0
0
0
0
0
0
0
0
0
0
0
0
0
0
0
0
0
0
0
0
0
0
0
0
0
0
0
0
0
0
0
0
0
0
0
0
0
0
0
0
0
0
0
0
0
0
0
0
0
0
0
0
0
0
0
0
0
0
0
0
0
0
0
0
0
0
0
0
0
0
0
0
0
0
0
0
0
0
0
0
0
0
0
0
0
0
0
0
0
0
0
0
0
0
0
0
0
0
0
0
0
0
0
0
0
0
0
0
0
0
0
0
0
0
0
0
0
0
0
0
0
0
0
0
0
0
0
0
0
0
0
0
0
0
0
0
0
0
0
0
0
0
0
0
0
0
0
0
0
0
0
0
0
0
0
0
0
0
0
0
0
0
0
0
0
0
0
0
0
0
0
0
0
0
0
0
0
0
0
0
0
0
0
0
0
0
0
0
0
0
0
0
0
0
0
0
0
0
0
0
0
0
0
0
0
0
0
0
0
0
0
0
0
0
0
0
0
0
0
0
0
0
0
0
0
0
0
0
0
0
0
0
0
0
0
0
0
0
0
0
0
0
0
0
0
0
0
0
0
0
0
0
0
0
0
0
0
0
0
0
1
6
10
13
19
23
27
31
36
41
42
46
51
55
60
60
69
68
83
77
82
93
92
90
101
109
107
112
118
122
127
128
132
138
141
142
144
147
155
155
164
169
169
176
180
186
190
190
190
204
197
204
210
210
218
227
227
233
232
236
241
241
252
247
260
263
265
272
275
282
271
278
284
299
294
299
310
308
303
311
317
323
326
336
331
329
338
342
351
353
362
357
358
368
361
379
377
390
380
382
387
400
403
401
404
405
414
416
430
418
427
431
432
446
451
441
450
446
467
467
464
462
472
479
481
485
475
491
497
501
493
495
507
520
522
509
521
528
526
540
534
530
548
554
537
558
555
565
558
559
575
579
573
583
580
584
601
591
591
606
612
597
606
625
617
606
636
634
625
631
647
652
629
645
665
663
643
661
680
666
658
684
683
687
685
688
681
708
707
698
695
712
719
712
715
726
721
728
744
740
736
747
744
743
756
754
758
768
759
767
774
779
770
784
798
773
795
802
792
804
801
812
816
819
810
825
834
820
833
825
840
856
833
841
864
846
864
867
847
873
875
870
885
864
879
897
879
897
904
886
902
890
915
920
911
915
923
918
934
911
943
941
934
949
927
954
963
948
961
943
980
968
964
981
967
984
988
992
990
972
1000
988
1011
996
1007
1015
993
1024
1010
1033
1008
1021
1037
1026
1035
1017
1058
1047
1042
1046
1041
1070
1048
1065
1042
1087
1069
1078
1061
1072
1086
1080
1097
1070
1104
1086
1116
1080
1115
1097
1120
1123
1105
1116
1108
1133
1111
1148
1119
1149
1118
1160
1132
1158
1129
1169
1146
1164
1149
1185
1148
1180
1149
1188
1162
1190
1173
1203
1165
1205
1176
1210
1186
1212
1190
1223
1195
1226
1196
1234
1205
1239
1206
1233
1215
1241
1217
1245
1240
1247
1219
1236
1248
1238
1237
1247
1255
1241
1224
1250
1240
1253
1238
1238
1239
1209
1254
1180
1241
1179
1228
1169
1197
1181
1116
1230
1083
1196
1057
1167
1095
1087
1172
1025
1127
1029
1124
1062
1093
1106
1035
1032
1040
1071
1061
1082
1057
1047
1031
1048
1065
1062
1060
1044
1058
1050
1059
1065
1048
1066
1063
1062
1067
1062
1084
1068
1057
1086
1070
1088
1070
1072
1099
1081
1096
1098
1084
1107
1087
1093
1110
1101
1115
1098
1101
1121
1110
1110
1117
1108
1131
1129
1103
1128
1131
1130
1139
1118
1122
1148
1131
1142
1139
1123
1150
1146
1129
1152
1139
1141
1167
1143
1143
1161
1149
1161
1178
1145
1153
1166
1156
1172
1174
1148
1158
1174
1167
1182
1174
1154
1172
1183
1168
1181
1186
1152
1183
1183
1171
1185
1190
1168
1188
1187
1174
1192
1193
1163
1185
1190
1179
1204
1209
1170
1198
1203
1184
1197
1206
1169
1201
1206
1184
1203
1206
1179
1214
1218
1197
1204
1208
1206
1212
1217
1199
1205
1210
1204
1197
1208
1191
1216
1216
1207
1192
1204
1194
1222
1223
1224
1210
1216
1197
1205
1224
1219
1183
1208
1235
1193
1238
1233
1185
1217
1218
1185
1228
1258
1219
1201
1214
1200
1193
1236
1220
1208
1214
1207
1190
1230
1223
1204
1214
1228
1193
1219
1218
1206
1220
1223
1189
1219
1234
1211
1206
1244
1205
1206
1225
1212
1222
1235
1221
1200
1215
1209
1201
1246
1235
1212
1218
1223
1204
1201
1239
1209
1215
1239
1199
1193
1238
1229
1193
1224
1215
1192
1221
1226
1201
1221
1255
1185
1218
1225
1216
1223
1222
1212
1204
1224
1215
1214
1230
1210
1204
1220
1223
1204
1229
1223
1199
1214
1210
1200
1221
1234
1218
1207
1246
1182
1208
1247
1218
1198
1238
1208
1193
1232
1227
1209
1238
1224
1186
1218
1236
1207
1213
1237
1203
1200
1232
1230
1216
1254
1215
1197
1209
1207
1208
1231
1224
1205
1218
1217
1195
1220
1239
1208
1210
1235
1201
1213
1236
1215
1204
1239
1213
1195
1239
1234
1211
1223
1224
1194
1221
1236
1211
1226
1227
1199
1199
1222
1229
1205
1238
1216
1216
1209
1218
1221
1238
1231
1198
1256
1229
1206
1214
1239
1217
1218
1238
1202
1201
1229
1236
1190
1236
1219
1202
1239
1238
1202
1216
1239
1199
1218
1256
1218
1229
1250
1209
1213
1235
1234
1221
1239
1222
1206
1220
1230
1196
1241
1244
1205
1219
1244
1199
1217
1248
1210
1198
1254
1200
1199
1236
1230
1202
1249
1216
1189
1214
1241
1203
1224
1225
1189
1205
1231
1212
1219
1231
1210
1196
1225
1223
1216
1237
1228
1194
1219
1227
1203
1223
1230
1204
1213
1238
1200
1217
1243
1229
1210
1233
1215
1193
1248
1228
1194
1224
1223
1193
1222
1238
1212
1230
1235
1202
1208
1234
1235
1193
1228
1208
1207
1224
1219
1206
1229
1222
1199
1213
1234
1197
1221
1245
1207
1203
1240
1206
1208
1252
1213
1198
1244
1218
1184
1220
1226
1197
1227
1218
1194
1210
1232
1214
1210
1235
1202
1206
1234
1240
1199
1227
1215
1201
1234
1220
1199
1233
1234
1198
1208
1220
1201
1214
1231
1210
1203
1246
1196
1208
1249
1227
1199
1244
1216
1194
1225
1237
1208
1223
1229
1191
1219
1235
1207
1205
1232
1211
1202
1236
1216
1198
1224
1209
1207
1205
1221
1195
1223
1229
1200
1214
1217
1196
1219
1237
1209
1203
1245
1210
1192
1229
1222
1199
1217
1224
1193
1217
1243
1203
1223
1229
1203
1208
1229
1207
1203
1223
1222
1201
1227
1224
1199
1225
1225
1190
1216
1206
1200
1221
1235
1206
1216
1234
1203
1217
1236
1212
1199
1241
1208
1195
1241
1220
1198
1227
1218
1186
1223
1227
1200
1234
1222
1197
1205
1221
1215
1212
1242
1207
1201
1226
1216
1213
1223
1229
1191
1205
1219
1201
1229
1234
1203
1202
1212
1186
1201
1224
1206
1184
1210
1173
1186
1223
1183
1180
1191
1177
1175
1195
1169
1167
1176
1165
1154
1180
1157
1162
1161
1142
1155
1169
1142
1155
1148
1134
1161
1148
1134
1144
1133
1130
1154
1125
1125
1132
1124
1137
1131
1105
1124
1123
1116
1132
1107
1100
1132
1101
1111
1103
1095
1118
1095
1090
1098
1097
1111
1103
1067
1104
1092
1089
1086
1070
1089
1085
1068
1085
1068
1087
1080
1049
1082
1061
1080
1055
1058
1079
1048
1059
1061
1055
1063
1076
1052
1051
1042
1050
1078
1056
1111
1109
1050
1031
1040
1127
1082
1107
1192
1035
1128
1038
1150
1111
1082
1175
1025
1172
1053
1185
1140
1083
1231
1091
1216
1080
1218
1148
1157
1244
1237
1272
1198
1218
1140
1256
1242
1205
1250
1222
1238
1179
1260
1219
1257
1248
1257
1264
1223
1255
1257
1252
1247
1249
1271
1237
1259
1247
1251
1246
1245
1257
1249
1233
1223
1259
1225
1255
1220
1240
1213
1242
1216
1236
1206
1233
1213
1234
1199
1209
1217
1201
1214
1197
1214
1208
1209
1179
1211
1178
1205
1175
1203
1184
1205
1161
1195
1163
1193
1162
1181
1168
1189
1145
1181
1146
1179
1144
1168
1154
1173
1131
1163
1134
1157
1139
1147
1149
1132
1135
1131
1141
1115
1142
1116
1141
1103
1137
1105
1130
1094
1132
1094
1122
1103
1126
1084
1111
1090
1094
1099
1089
1106
1073
1102
1071
1099
1060
1097
1062
1091
1083
1061
1074
1053
1081
1045
1078
1043
1070
1060
1068
1045
1039
1060
1031
1059
1023
1049
1041
1056
1029
1018
1039
1012
1046
1006
1036
1032
1018
1020
999
1025
1001
1027
999
1024
1018
990
1004
987
1026
982
999
1005
986
996
980
1012
988
971
988
964
998
970
982
985
961
970
974
983
958
955
974
945
971
970
948
954
939
975
940
943
958
926
949
954
930
937
919
955
930
920
934
910
935
936
907
919
923
923
914
888
919
913
913
905
884
919
915
878
897
896
899
899
870
886
902
876
879
881
884
880
855
879
884
872
862
869
866
870
852
868
869
836
857
864
857
844
851
842
850
840
844
848
819
836
852
824
825
838
821
831
837
810
823
826
816
820
803
815
824
809
799
815
803
805
807
784
798
816
784
787
803
793
785
792
779
786
790
764
776
797
765
769
780
778
760
773
764
764
765
756
761
766
746
755
753
756
738
755
759
730
744
754
733
727
755
733
731
734
735
718
728
740
712
722
729
710
707
734
713
712
712
714
698
715
715
694
699
710
689
700
702
692
683
691
699
693
677
685
692
675
679
687
666
668
689
670
662
663
677
679
651
660
671
656
656
664
643
659
653
650
643
654
658
641
627
650
651
633
619
646
644
622
615
646
633
614
624
636
627
600
621
631
614
596
619
625
590
608
609
610
597
607
594
598
608
590
588
600
599
575
586
598
578
576
587
588
576
581
567
577
591
560
562
582
576
548
569
570
558
557
551
566
558
547
557
551
548
557
542
535
554
552
526
544
536
540
532
524
535
537
530
523
522
536
528
515
521
518
518
524
503
518
507
515
506
501
505
513
510
492
502
496
496
512
482
494
492
496
496
474
493
488
488
478
478
477
484
479
474
472
469
480
469
471
465
466
466
468
468
447
465
457
463
451
452
450
449
455
457
442
448
434
453
452
440
430
444
439
436
439
425
433
426
436
432
421
417
420
429
423
423
415
420
405
424
417
415
403
413
405
411
411
412
386
402
402
403
401
395
389
391
396
395
397
386
383
389
383
383
388
386
373
382
371
381
383
381
360
372
372
366
371
368
366
357
357
360
368
360
358
353
355
349
360
350
356
350
344
345
340
351
344
340
346
333
332
335
335
335
337
333
320
325
326
329
325
330
324
314
319
323
314
316
315
324
311
303
312
308
309
306
308
312
299
296
299
297
298
301
301
290
290
294
285
284
293
293
288
283
282
285
278
274
284
280
274
283
274
276
269
267
265
275
264
267
271
268
254
259
261
256
255
262
261
252
258
246
248
250
244
246
251
246
251
242
241
242
233
239
231
237
238
234
234
239
230
224
231
224
223
224
228
221
225
227
220
217
217
210
213
211
211
215
212
211
212
210
195
209
203
198
203
194
199
205
200
198
195
195
192
190
189
190
189
182
184
191
185
180
184
189
178
186
168
178
177
174
169
174
174
168
172
170
170
167
166
162
163
157
154
161
158
157
153
157
155
153
156
156
147
150
145
149
146
138
147
141
139
139
139
138
142
141
136
136
131
134
134
129
129
123
128
123
126
125
120
120
118
123
119
119
118
115
115
113
120
115
106
117
113
100
112
102
102
104
106
104
99
100
94
100
100
96
94
97
95
90
93
93
88
91
87
84
91
88
73
82
85
74
69
84
80
66
80
76
68
77
69
69
70
65
72
66
65
65
69
62
63
65
64
61
58
60
54
61
54
55
51
51
54
50
50
51
45
51
41
50
47
41
45
43
39
41
38
38
37
36
31
37
35
29
31
32
30
28
28
30
28
25
24
21
21
21
20
17
18
20
19
17
17
13
14
12
11
9
8
7
6
5
5
5
4
3
3
2
1
1
1
0
1
0
0
0
0
0
0
0
0
0
0
0
0
0
0
0
0
0
0
0
0
0
0
0
0
0
0
0
0
0
0
0
0
0
0
0
0
0
0
0
0
0
0
0
0
0
0
0
0
0
0
0
0
0
0
0
0
0
0
0
