0
73
163
269
351
449
528
620
687
772
836
853
891
879
884
913
894
899
897
891
910
892
892
909
888
905
892
899
909
900
895
905
888
912
893
892
917
895
894
902
895
914
894
894
909
891
902
895
899
915
897
898
907
893
911
895
894
922
887
900
904
905
906
899
892
912
891
905
890
902
907
895
891
907
891
910
890
893
918
888
892
907
896
909
898
894
908
893
895
904
905
908
892
894
911
892
902
899
894
917
886
893
909
900
902
897
890
915
889
899
906
906
905
895
891
919
890
906
900
898
909
892
890
919
894
903
898
895
909
888
893
919
897
899
900
898
911
895
900
907
892
912
884
893
911
895
903
904
886
912
888
892
910
895
895
903
888
912
889
899
902
888
906
892
888
916
887
901
900
886
906
899
889
918
885
899
900
899
906
899
887
914
886
907
888
895
911
898
889
906
885
912
891
895
911
889
890
906
892
908
895
889
907
892
896
904
898
909
894
893
907
892
906
895
889
918
885
894
908
898
904
903
885
914
886
897
906
902
896
903
885
913
887
902
895
893
904
862
822
804
763
699
677
646
589
565
532
502
461
419
393
372
336
310
271
238
212
194
146
128
108
93
53
27
8
2
0
0
0
0
0
0
0
0
0
0
0
0
0
0
0
0
0
0
0
0
0
0
0
0
0
0
0
0
0
0
0
0
0
0
0
0
0
0
0
0
0
0
0
0
0
0
0
0
0
0
0
0
0
0
0
0
0
0
0
0
0
0
0
0
0
0
0
0
0
0
0
0
0
0
0
0
0
0
0
0
0
0
0
0
0
0
0
0
0
0
0
0
0
0
0
0
0
0
0
0
0
0
0
0
0
0
0
0
0
0
0
0
0
0
0
0
0
0
0
0
0
0
0
0
0
0
0
0
0
0
0
0
0
0
0
0
0
0
0
0
0
0
0
0
0
0
0
0
0
0
0
0
0
0
0
0
0
0
0
0
0
0
0
0
0
0
0
0
0
0
0
0
0
0
0
0
0
0
0
0
0
0
0
0
0
0
0
0
0
0
0
0
0
0
0
0
0
0
0
0
0
0
0
0
0
0
0
0
0
0
0
0
0
0
0
0
0
0
0
0
0
0
0
0
0
0
0
0
0
0
0
0
0
0
0
0
0
0
0
0
0
0
0
0
0
0
0
0
0
0
0
0
0
0
0
0
0
0
0
0
0
0
0
0
0
0
0
0
0
0
0
0
0
0
0
0
0
0
0
0
0
0
0
0
0
0
0
0
0
0
0
0
0
0
0
0
0
0
0
0
0
0
0
0
0
0
0
0
0
0
0
0
0
0
0
0
0
0
0
0
0
0
0
0
0
0
0
0
0
0
0
0
0
0
0
0
0
0
0
0
0
0
0
0
0
0
0
0
0
0
0
0
0
0
0
0
0
0
0
0
0
0
0
0
0
0
0
0
0
0
0
0
0
0
0
0
0
0
0
0
0
0
0
0
0
0
0
0
0
0
0
0
0
0
0
0
0
0
0
0
0
0
0
0
0
0
0
0
0
0
0
0
0
0
0
0
0
0
0
0
0
0
0
0
0
0
0
0
0
0
0
0
0
0
0
0
0
0
0
0
0
0
0
0
0
0
0
0
0
0
0
0
0
0
0
0
0
0
0
0
0
0
0
0
0
0
0
0
0
0
0
0
0
0
0
0
0
0
0
0
0
0
0
0
0
0
0
0
0
0
0
0
0
0
0
0
0
0
0
0
0
0
0
0
0
0
0
0
0
0
0
0
0
0
0
0
0
0
0
0
0
0
0
0
0
0
0
0
0
0
0
0
0
0
0
0
0
0
0
0
0
0
0
0
0
0
0
0
0
0
0
0
0
0
0
